0.595658 0.842158 0.503938 0.157019 0.454067 0.063731 0.957719 0.902206 0.349262 0.159811 0.646780 0.749344 0.655316 0.339568 0.460570 0.807144 
0.712155 0.782675 0.252125 0.507743 0.819837 0.468605 0.473799 0.833311 0.178889 0.750679 0.854519 0.711728 0.206683 0.161149 0.833700 0.802341 
0.003307 0.337638 0.959360 0.457375 0.401369 0.917080 0.359581 0.750631 0.076890 0.006361 0.499975 0.732207 0.345929 0.960545 0.539351 0.058084 
0.743220 0.791476 0.565827 0.563058 0.260082 0.039626 0.396368 0.438971 0.790305 0.250888 0.150699 0.996988 0.412037 0.984399 0.799329 0.415345 
0.322038 0.758690 0.872719 0.723407 0.675769 0.232300 0.474038 0.752659 0.238660 0.974012 0.484866 0.584589 0.934557 0.024217 0.642674 0.677778 
0.815693 0.208501 0.240835 0.075775 0.248127 0.637204 0.514746 0.038432 0.888092 0.665444 0.035420 0.300129 0.649844 0.834750 0.715474 0.971881 
0.593439 0.588193 0.695288 0.269208 0.820492 0.169326 0.021868 0.059153 0.143339 0.506734 0.643742 0.077896 0.530951 0.286416 0.755673 0.346644 
0.494917 0.996509 0.422419 0.743044 0.633713 0.937165 0.781476 0.521804 0.602609 0.816896 0.821933 0.252453 0.651646 0.537407 0.224334 0.245086 
0.125600 0.919622 0.514294 0.946092 0.088948 0.536162 0.005245 0.232287 0.042896 0.648987 0.310182 0.573847 0.935403 0.065856 0.920491 0.430320 
0.062365 0.342910 0.173364 0.696077 0.280074 0.954840 0.217882 0.882683 0.771736 0.039815 0.135136 0.423383 0.577222 0.359470 0.668468 0.702822 
0.279092 0.182762 0.648914 0.368040 0.718924 0.654159 0.600327 0.761820 0.303146 0.910509 0.335666 0.238549 0.976365 0.256157 0.668869 0.038730 
0.599067 0.842233 0.734807 0.879142 0.797073 0.952689 0.761825 0.568809 0.992504 0.896961 0.992191 0.569726 0.256431 0.660659 0.272547 0.535523 
0.843421 0.921461 0.903563 0.562345 0.575620 0.503890 0.324165 0.878766 0.414399 0.659831 0.117315 0.390764 0.915988 0.786183 0.429494 0.515056 
0.628416 0.164301 0.394197 0.425489 0.116989 0.156022 0.994297 0.109493 0.052984 0.986489 0.679219 0.309414 0.647148 0.951766 0.844937 0.490570 
0.873228 0.748500 0.052915 0.448848 0.252390 0.377079 0.327613 0.666789 0.036911 0.444928 0.057553 0.952899 0.231111 0.487046 0.467955 0.859527 
0.651347 0.862152 0.285016 0.768336 0.018174 0.279314 0.877829 0.071158 0.265802 0.557048 0.380572 0.912951 0.508815 0.225510 0.403520 0.382043 
