0.974010 0.456435 0.830890 0.226400 0.833514 0.158504 0.893189 0.870425 0.603432 0.950741 0.823324 0.834543 0.437787 0.291278 0.694071 0.089134 
0.153430 0.979087 0.857470 0.171605 0.258400 0.735300 0.242763 0.524203 0.292348 0.623335 0.437153 0.801163 0.848845 0.840674 0.183206 0.822855 
0.297108 0.014096 0.049255 0.130623 0.172600 0.942443 0.001047 0.776032 0.893184 0.824371 0.610575 0.330972 0.115650 0.304646 0.420106 0.269080 
0.283733 0.277576 0.440685 0.542133 0.012876 0.683447 0.066336 0.305224 0.306782 0.503489 0.106387 0.155627 0.344163 0.289593 0.978482 0.641271 
0.303689 0.027737 0.771894 0.476289 0.970180 0.772941 0.252321 0.863364 0.597313 0.862897 0.194336 0.712962 0.167543 0.614441 0.982042 0.451275 
0.892017 0.422727 0.993409 0.904893 0.106174 0.059744 0.210117 0.412957 0.563234 0.316504 0.568584 0.907396 0.606097 0.547066 0.548668 0.909786 
0.574803 0.320561 0.386076 0.544983 0.093503 0.638397 0.408347 0.690815 0.501294 0.602683 0.403777 0.668836 0.217124 0.385819 0.120112 0.109142 
0.808546 0.113520 0.014035 0.914720 0.173264 0.224151 0.327677 0.736498 0.540655 0.896261 0.643895 0.146752 0.443327 0.192562 0.056539 0.018129 
0.513124 0.442614 0.563112 0.606626 0.081011 0.971459 0.297441 0.582305 0.574142 0.701218 0.251141 0.791267 0.087038 0.371253 0.900408 0.895584 
0.484773 0.914443 0.810304 0.658037 0.138594 0.137981 0.394536 0.679249 0.034242 0.038430 0.826002 0.477568 0.230992 0.882540 0.495698 0.744116 
0.325154 0.058810 0.350742 0.406166 0.030269 0.648183 0.988471 0.604411 0.349401 0.239612 0.395678 0.436439 0.610865 0.296086 0.332022 0.095638 
0.210529 0.142326 0.753675 0.349123 0.280307 0.148211 0.028372 0.314549 0.186641 0.854373 0.792117 0.417633 0.736913 0.287814 0.161749 0.062068 
0.346624 0.512491 0.468233 0.376893 0.160674 0.456704 0.981304 0.510075 0.696316 0.376982 0.946513 0.307181 0.673067 0.278536 0.402818 0.883596 
0.420862 0.156494 0.232719 0.701169 0.304704 0.261090 0.015717 0.491345 0.115464 0.807834 0.908978 0.852377 0.095649 0.070727 0.914445 0.442272 
0.583218 0.382678 0.819165 0.743891 0.839382 0.800469 0.253966 0.535698 0.177451 0.200479 0.842879 0.850518 0.479015 0.245697 0.734114 0.899877 
0.402191 0.966833 0.601046 0.706895 0.227923 0.616763 0.198240 0.343387 0.424597 0.107218 0.195764 0.520246 0.177945 0.110209 0.962518 0.761162 
