3.966430 3.387095 4.473348 4.291074 2.555655 4.610380 3.314997 5.106907 3.870715 5.130028 4.819419 4.767841 3.662981 3.024115 3.999127 3.664251 
4.477571 3.846256 5.636579 5.015010 3.188594 4.659359 3.422273 5.484311 3.692148 4.944983 5.058842 5.330325 4.005828 3.741626 4.953600 4.423608 
3.444722 1.835477 3.549184 4.091262 1.953638 3.612862 1.846446 4.129332 3.268135 4.581097 4.481603 4.132773 3.036898 2.437264 3.724067 3.324799 
3.846695 3.281935 4.750540 4.248065 2.813149 4.561703 2.490014 4.810769 3.391529 5.426263 5.173973 5.169040 3.386469 2.909177 4.899069 4.241137 
4.045010 3.949265 5.137229 4.701315 2.663764 5.066125 3.346423 5.480368 4.100869 4.873489 5.246425 4.714806 3.858043 3.831751 4.803590 4.885293 
4.127956 3.770002 4.872299 4.448724 2.569691 3.837317 2.799155 4.434165 3.267016 3.982815 4.752567 5.230896 2.651308 2.752040 5.112557 4.745765 
2.841472 2.556370 3.879592 2.999279 2.605451 3.811281 2.629600 4.060244 2.885240 3.428340 3.740212 3.899630 2.591806 2.679183 3.950569 3.535921 
4.577877 3.976124 5.584216 5.081748 2.400587 4.915743 3.655236 5.648811 4.143390 5.213776 5.181250 5.675946 4.012671 4.192155 5.106252 5.131327 
3.000936 3.455101 4.499048 3.676270 1.931976 3.847554 2.441814 3.736318 2.844902 3.306893 4.323376 3.815714 3.584066 3.019540 3.875823 4.643852 
3.710351 2.874904 4.079655 4.557293 1.840258 3.743205 2.106829 3.779527 3.228970 3.886893 3.824485 4.117204 2.981342 2.420732 4.291455 4.381119 
3.968206 2.847377 4.323988 4.412420 2.384631 3.935642 3.060011 4.889665 3.636641 4.216565 4.867959 4.298972 3.090539 3.259953 4.070203 4.188104 
5.298091 4.341878 6.389380 5.965351 2.887139 5.948026 3.780811 6.579705 4.820003 6.298567 5.785867 6.617465 4.274425 4.637341 6.350975 5.686041 
4.670969 3.992744 5.242536 4.932302 3.001565 4.838709 3.319757 5.809973 4.421082 5.843069 5.853340 5.484236 3.848474 3.738474 5.315727 5.039855 
3.816261 3.259482 4.312787 4.243330 2.345101 3.838439 3.180992 4.629450 2.903264 3.823772 5.086469 4.681437 2.879244 2.816097 4.410068 3.867556 
3.606557 3.370832 4.514214 3.881821 2.474974 3.034838 2.280806 3.982791 2.718131 4.236040 4.329811 4.250940 3.238408 2.652055 3.872768 3.424357 
3.268815 3.365960 4.538014 3.475317 1.908884 3.704958 2.669377 4.032481 2.871275 4.050226 4.233654 4.226379 3.391223 3.004862 3.626746 3.645159 
