0.713778 0.485948 0.683583 0.320182 0.893132 0.613130 0.225544 0.496806 0.943293 0.926517 0.779639 0.917313 0.120380 0.526506 0.232772 0.401337 0.975350 0.502467 0.094327 0.878214 0.931126 0.486998 0.190741 0.676501 0.842349 0.906450 0.669550 0.401265 0.061688 0.620802 0.202151 0.775466 0.106750 0.885734 0.095649 0.999882 0.498863 0.321193 0.496687 0.442156 0.247710 0.276326 0.359469 0.368090 0.802832 0.592242 0.769427 0.778182 0.094709 0.863754 0.656396 0.025835 0.350752 0.847137 0.702336 0.193100 0.753588 0.371886 0.594365 0.815276 0.992688 0.796516 0.590742 0.099437 
0.682250 0.686391 0.099319 0.181114 0.007583 0.596007 0.623270 0.255293 0.872333 0.982739 0.623383 0.675164 0.574980 0.392810 0.453346 0.669689 0.256564 0.109742 0.695524 0.607315 0.956879 0.397860 0.800416 0.710467 0.769746 0.394781 0.525743 0.762434 0.191297 0.116485 0.861872 0.873547 0.802876 0.961191 0.054661 0.810459 0.557197 0.677930 0.065752 0.429530 0.660669 0.689135 0.104694 0.235650 0.081945 0.558041 0.905339 0.338509 0.667783 0.600863 0.945824 0.624662 0.998724 0.746240 0.335128 0.768470 0.141020 0.860871 0.530904 0.332317 0.977356 0.392776 0.205864 0.780232 
0.353967 0.260525 0.590691 0.911164 0.938455 0.656444 0.340694 0.599124 0.345579 0.445388 0.834774 0.427524 0.003429 0.740113 0.766033 0.671211 0.340977 0.711856 0.295873 0.339700 0.458096 0.631001 0.108170 0.599116 0.491872 0.639074 0.931433 0.469228 0.031850 0.137297 0.249460 0.385817 0.397822 0.840151 0.296981 0.336277 0.496595 0.637675 0.935401 0.842173 0.083063 0.770176 0.269697 0.086491 0.510289 0.035730 0.757703 0.851265 0.747586 0.053576 0.190965 0.205682 0.684577 0.299136 0.804798 0.176450 0.938210 0.736232 0.645678 0.970060 0.873529 0.895138 0.355876 0.271351 
0.735289 0.652857 0.607628 0.231884 0.290532 0.543030 0.074057 0.373594 0.313205 0.343754 0.460086 0.823494 0.379484 0.217789 0.674759 0.127070 0.271364 0.865725 0.332752 0.955942 0.164860 0.137551 0.132391 0.103070 0.873782 0.778069 0.073130 0.747311 0.673207 0.429006 0.018663 0.408496 0.081863 0.626291 0.640379 0.372395 0.169321 0.714436 0.745989 0.482526 0.058191 0.206075 0.306020 0.437675 0.423863 0.980779 0.564745 0.695228 0.846504 0.897497 0.651169 0.011365 0.035048 0.783561 0.114435 0.908830 0.561630 0.187565 0.656142 0.234837 0.616571 0.674804 0.643333 0.698434 
0.301095 0.283712 0.070829 0.470416 0.998149 0.816819 0.952942 0.056339 0.022894 0.258961 0.494014 0.446757 0.239741 0.058759 0.141985 0.086245 0.956255 0.793154 0.097610 0.991303 0.576715 0.212044 0.900133 0.138344 0.399609 0.556275 0.373181 0.016180 0.231079 0.016514 0.714615 0.532174 0.300226 0.785444 0.002590 0.298375 0.602263 0.955531 0.354714 0.625156 0.214493 0.848728 0.071913 0.454234 0.907487 0.213898 0.540479 0.863742 0.007052 0.638088 0.855045 0.583767 0.850133 0.755179 0.722111 0.249742 0.311453 0.095292 0.265922 0.542532 0.111806 0.980537 0.074706 0.412033 
0.765981 0.077296 0.710408 0.368243 0.032827 0.065122 0.993400 0.247320 0.913850 0.065313 0.701554 0.821337 0.279211 0.242032 0.685079 0.286263 0.880121 0.540125 0.870030 0.730253 0.295304 0.592141 0.979995 0.606757 0.687433 0.245917 0.149289 0.799240 0.226453 0.223996 0.211273 0.992434 0.301292 0.921681 0.360677 0.334119 0.986803 0.354077 0.581439 0.900653 0.419390 0.282993 0.721991 0.698601 0.525025 0.407070 0.984864 0.405146 0.947195 0.854894 0.135399 0.242498 0.447035 0.115394 0.849255 0.134469 0.361311 0.998545 0.933709 0.587764 0.222541 0.144981 0.580198 0.523832 
0.066662 0.940875 0.857952 0.053465 0.294952 0.439391 0.954118 0.714342 0.722384 0.676109 0.412943 0.247410 0.083179 0.397807 0.652556 0.030374 0.252701 0.787955 0.272873 0.699737 0.903349 0.122128 0.834205 0.264660 0.120673 0.767914 0.852424 0.343213 0.912895 0.432622 0.867046 0.979557 0.373497 0.724997 0.033022 0.668449 0.164388 0.987141 0.382791 0.886772 0.663250 0.795735 0.134182 0.746429 0.193542 0.786737 0.776803 0.446243 0.574692 0.049675 0.145980 0.478041 0.171803 0.980185 0.742701 0.292476 0.748099 0.595124 0.635690 0.660994 0.027746 0.502735 0.640551 0.401243 
0.227733 0.673573 0.069692 0.392121 0.660714 0.452483 0.278894 0.323964 0.248218 0.413076 0.070392 0.441760 0.199813 0.847195 0.888003 0.774505 0.896871 0.033983 0.252546 0.068674 0.014168 0.995247 0.361150 0.762267 0.590371 0.996840 0.423261 0.618117 0.499575 0.063812 0.019360 0.727308 0.737385 0.089052 0.119429 0.398099 0.541535 0.398323 0.722063 0.789753 0.811398 0.792455 0.231513 0.011211 0.639651 0.119517 0.785717 0.536522 0.153500 0.038263 0.605196 0.167669 0.033509 0.966346 0.929936 0.623880 0.963186 0.353197 0.241997 0.462761 0.417009 0.261357 0.190070 0.154395 
0.350409 0.309499 0.552494 0.891944 0.707822 0.274557 0.681698 0.519220 0.067012 0.913211 0.530432 0.706663 0.032728 0.316148 0.243184 0.186228 0.354411 0.848380 0.353897 0.387920 0.814726 0.283833 0.011801 0.777912 0.637030 0.253798 0.240674 0.054039 0.515155 0.430744 0.208434 0.865564 0.740243 0.760927 0.757509 0.448064 0.035484 0.439207 0.967285 0.102496 0.352418 0.497716 0.809159 0.385146 0.813865 0.052344 0.571374 0.168276 0.900724 0.925271 0.556196 0.715450 0.209104 0.567997 0.493363 0.846134 0.821795 0.734036 0.900173 0.336951 0.164780 0.108606 0.202515 0.905023 
0.869534 0.960024 0.353087 0.905018 0.399231 0.320372 0.007514 0.751649 0.818088 0.816673 0.136795 0.631953 0.869017 0.708169 0.800228 0.769740 0.633440 0.356425 0.485191 0.842544 0.924422 0.978553 0.688678 0.746217 0.712590 0.588851 0.083168 0.877370 0.697457 0.285683 0.782392 0.566990 0.245707 0.135479 0.472008 0.644938 0.455851 0.479522 0.396587 0.273939 0.296195 0.533382 0.905891 0.165212 0.241551 0.706120 0.934952 0.874992 0.062544 0.420143 0.717536 0.986966 0.398696 0.406214 0.733183 0.111285 0.995064 0.816351 0.988655 0.692521 0.102034 0.771047 0.259511 0.347741 
0.906526 0.731519 0.992679 0.362377 0.211041 0.389266 0.636316 0.507236 0.922648 0.542207 0.672448 0.164199 0.248327 0.607400 0.039191 0.310871 0.027543 0.756727 0.297837 0.426239 0.162940 0.031020 0.537525 0.158004 0.847371 0.526180 0.850525 0.949405 0.297227 0.110036 0.297146 0.203753 0.841556 0.289825 0.566130 0.052597 0.679091 0.202446 0.559834 0.601739 0.744653 0.232282 0.765939 0.992980 0.839682 0.805129 0.303851 0.867225 0.561856 0.601689 0.293465 0.724796 0.632709 0.830989 0.882800 0.480080 0.357169 0.733325 0.429486 0.654395 0.843361 0.726632 0.858149 0.684917 
0.016457 0.424279 0.737514 0.695548 0.626725 0.297348 0.297288 0.371379 0.529630 0.063226 0.364359 0.369312 0.868356 0.668210 0.236537 0.430211 0.269899 0.530002 0.155007 0.902608 0.360991 0.037807 0.382688 0.718159 0.771132 0.812174 0.372555 0.614493 0.538806 0.230703 0.299410 0.555264 0.654982 0.036925 0.250812 0.281708 0.334272 0.548100 0.653086 0.863902 0.611326 0.017445 0.233214 0.479681 0.685655 0.469751 0.909893 0.955554 0.999753 0.064900 0.858162 0.360744 0.102707 0.240851 0.078903 0.873839 0.053025 0.451458 0.488332 0.591831 0.682161 0.787743 0.147095 0.337144 
0.824667 0.397907 0.618851 0.158940 0.946007 0.271938 0.022842 0.557333 0.289383 0.256055 0.037014 0.975038 0.725806 0.946907 0.930593 0.725559 0.011806 0.788755 0.086303 0.114513 0.029606 0.165206 0.988352 0.082631 0.616664 0.476684 0.674462 0.298825 0.264427 0.821557 0.635969 0.089094 0.219464 0.254820 0.248034 0.165471 0.526758 0.270876 0.722803 0.816140 0.526931 0.759817 0.791179 0.252737 0.706724 0.721771 0.978296 0.718530 0.510526 0.064599 0.833043 0.540132 0.229805 0.821395 0.622763 0.846468 0.298079 0.297225 0.145293 0.562506 0.118783 0.781262 0.651600 0.338247 
0.036082 0.899634 0.503718 0.562840 0.170510 0.226521 0.378980 0.697441 0.986338 0.170159 0.950178 0.693062 0.891930 0.928474 0.411593 0.402456 0.993073 0.244636 0.942588 0.222877 0.066031 0.565351 0.069345 0.364110 0.862577 0.214639 0.926616 0.981360 0.995901 0.578217 0.319607 0.031982 0.477851 0.823324 0.594822 0.648361 0.049845 0.973802 0.345801 0.036184 0.143961 0.295979 0.729246 0.035890 0.224453 0.140839 0.438347 0.217526 0.385474 0.380935 0.440403 0.451505 0.946286 0.509748 0.815616 0.808863 0.724387 0.742232 0.790223 0.720288 0.320449 0.109830 0.752270 0.798300 
0.933154 0.347092 0.446661 0.982999 0.320894 0.792462 0.019183 0.464855 0.088441 0.748429 0.500745 0.312894 0.889268 0.939092 0.530420 0.274742 0.320027 0.970823 0.726248 0.266313 0.480571 0.541863 0.075176 0.204958 0.284095 0.865399 0.925246 0.604544 0.975229 0.677516 0.402844 0.908383 0.024608 0.849505 0.891382 0.345502 0.641967 0.910565 0.810356 0.730408 0.658995 0.311101 0.043301 0.548263 0.250193 0.573721 0.823005 0.570220 0.544544 0.549253 0.836533 0.025115 0.091116 0.911709 0.230073 0.375212 0.777109 0.155318 0.979756 0.752338 0.832834 0.382600 0.660721 0.857441 
0.232105 0.552103 0.202943 0.874071 0.462668 0.013299 0.604479 0.121663 0.324401 0.647780 0.669925 0.574594 0.221501 0.492930 0.144813 0.766045 0.042183 0.981346 0.791160 0.133299 0.893055 0.021232 0.508510 0.670164 0.176550 0.488266 0.422501 0.009384 0.870866 0.083222 0.866825 0.102971 0.635325 0.069769 0.977042 0.097993 0.083068 0.581521 0.219656 0.407469 0.229301 0.889582 0.982062 0.450802 0.382512 0.126875 0.216848 0.424695 0.108221 0.008007 0.557994 0.001277 0.029239 0.066504 0.671440 0.205790 0.554770 0.093942 0.215174 0.425637 0.177164 0.081999 0.528608 0.812489 
0.151768 0.505650 0.910482 0.234836 0.087171 0.130138 0.642304 0.316472 0.019719 0.624366 0.767274 0.402231 0.751242 0.984122 0.826926 0.859463 0.992129 0.384920 0.860740 0.021368 0.451424 0.532180 0.227158 0.006194 0.626122 0.442332 0.431831 0.803285 0.524331 0.960439 0.615774 0.676099 0.466088 0.526256 0.910935 0.553259 0.656394 0.553239 0.869730 0.676113 0.177605 0.637005 0.078344 0.928847 0.621126 0.905271 0.788311 0.613255 0.290191 0.649050 0.634623 0.741615 0.181231 0.861781 0.747809 0.807352 0.304113 0.179640 0.610638 0.828445 0.140079 0.226412 0.504544 0.606167 
0.752668 0.415479 0.159426 0.409061 0.968718 0.029157 0.085174 0.146323 0.666161 0.163519 0.075170 0.287287 0.068790 0.863481 0.900542 0.358980 0.512532 0.535165 0.100595 0.693762 0.396947 0.848404 0.501115 0.701060 0.028045 0.111752 0.529505 0.168124 0.338164 0.034049 0.774291 0.090832 0.449527 0.933717 0.499893 0.418245 0.962874 0.585068 0.564568 0.629035 0.748587 0.639739 0.916322 0.817376 0.503220 0.816864 0.176357 0.015751 0.352029 0.276952 0.709513 0.748976 0.125356 0.210628 0.450036 0.153401 0.322381 0.979541 0.321524 0.660545 0.013590 0.095815 0.751377 0.463117 
0.029532 0.251270 0.881362 0.992406 0.836338 0.445930 0.621440 0.584925 0.085669 0.537762 0.402302 0.588888 0.354626 0.578658 0.604640 0.706655 0.855610 0.314153 0.455632 0.980966 0.524781 0.905668 0.134367 0.847162 0.885209 0.455891 0.507707 0.898799 0.551706 0.259084 0.361917 0.581239 0.510354 0.243279 0.573644 0.346692 0.689209 0.195084 0.931618 0.774878 0.732846 0.333919 0.363766 0.087472 0.912578 0.968406 0.794127 0.768188 0.282559 0.249759 0.749154 0.807340 0.155427 0.883521 0.654501 0.040636 0.339412 0.162208 0.939436 0.891119 0.421291 0.301353 0.472357 0.931646 
0.544631 0.046001 0.278338 0.233840 0.241086 0.209956 0.008718 0.973932 0.543875 0.372484 0.061404 0.456453 0.340890 0.855532 0.224641 0.623448 0.105291 0.973795 0.430788 0.260718 0.857316 0.085289 0.301354 0.196729 0.247497 0.240790 0.087848 0.668789 0.542142 0.560205 0.600434 0.086774 0.606206 0.878772 0.320614 0.847292 0.088728 0.329332 0.821224 0.632603 0.701816 0.882628 0.089056 0.042706 0.738160 0.313697 0.666155 0.843451 0.287492 0.096943 0.104168 0.144809 0.182232 0.405522 0.341537 0.429730 0.646312 0.429385 0.098518 0.188454 0.989590 0.698953 0.275228 0.595796 
0.577725 0.595842 0.443088 0.666453 0.925174 0.264312 0.299056 0.626990 0.146940 0.388112 0.669696 0.885100 0.701809 0.335851 0.728550 0.989301 0.432794 0.832719 0.134109 0.615026 0.238241 0.475647 0.044756 0.884553 0.905032 0.143274 0.073007 0.894621 0.842227 0.348234 0.490417 0.419952 0.944076 0.933505 0.086405 0.869250 0.197816 0.385461 0.496240 0.344756 0.773572 0.165936 0.229856 0.475381 0.501787 0.958407 0.464682 0.934581 0.791125 0.598791 0.549607 0.029366 0.074438 0.594363 0.913919 0.979469 0.737637 0.986925 0.874090 0.579864 0.335159 0.364507 0.999815 0.279235 
0.298012 0.086220 0.148485 0.495828 0.471681 0.644725 0.840584 0.245253 0.810661 0.070441 0.720634 0.312448 0.028847 0.185316 0.247029 0.819973 0.784107 0.796636 0.849339 0.858544 0.390999 0.763257 0.838014 0.128636 0.750182 0.712104 0.708500 0.085341 0.076611 0.708315 0.364577 0.374623 0.794535 0.513061 0.870451 0.266216 0.157786 0.711036 0.511469 0.968447 0.781476 0.232103 0.280895 0.810324 0.417419 0.527924 0.630296 0.201525 0.324560 0.479635 0.060070 0.715560 0.242892 0.898083 0.844196 0.993074 0.610187 0.552696 0.078415 0.686798 0.261011 0.442992 0.061421 0.055547 
0.956053 0.931873 0.321763 0.113839 0.642908 0.833232 0.082285 0.424385 0.065334 0.363180 0.234708 0.482753 0.891104 0.865004 0.684278 0.215664 0.344639 0.744348 0.931224 0.587531 0.642431 0.775419 0.580605 0.252618 0.328115 0.659020 0.939416 0.589127 0.102012 0.000838 0.644673 0.058065 0.932710 0.966436 0.171904 0.575619 0.799667 0.254189 0.000003 0.865002 0.617369 0.234712 0.347755 0.508473 0.099716 0.032033 0.724137 0.444355 0.776381 0.655360 0.031886 0.418812 0.430780 0.612490 0.671430 0.758895 0.271510 0.610846 0.348022 0.373522 0.611684 0.992695 0.431587 0.544394 
0.959131 0.603490 0.120012 0.758798 0.857679 0.120016 0.623800 0.475048 0.354727 0.971555 0.983521 0.454444 0.003588 0.707658 0.898799 0.779969 0.363018 0.930685 0.198781 0.793798 0.543175 0.870211 0.552694 0.814686 0.481057 0.900716 0.188207 0.092741 0.893411 0.619794 0.637135 0.852542 0.223284 0.757147 0.611340 0.080963 0.877163 0.235140 0.556011 0.231890 0.206695 0.539533 0.686334 0.210283 0.247191 0.585133 0.990252 0.610209 0.515818 0.189033 0.404007 0.058993 0.059243 0.956701 0.873679 0.540300 0.857417 0.061886 0.633041 0.750828 0.681680 0.270176 0.603370 0.904964 
0.027323 0.214710 0.985928 0.904486 0.449851 0.541939 0.136376 0.656546 0.081472 0.822710 0.866829 0.328662 0.407843 0.857081 0.938871 0.923660 0.046114 0.342879 0.982653 0.105357 0.299580 0.856332 0.645658 0.156997 0.918218 0.278699 0.907825 0.599898 0.548875 0.511195 0.504863 0.576198 0.725905 0.490790 0.480683 0.175756 0.032729 0.617059 0.832302 0.114201 0.439769 0.699131 0.442863 0.847612 0.556212 0.381734 0.771272 0.602326 0.724613 0.753926 0.707683 0.024193 0.610258 0.353341 0.181189 0.528476 0.632040 0.089014 0.128374 0.180914 0.600209 0.633237 0.757112 0.326114 
0.124027 0.237795 0.501870 0.156756 0.854854 0.334172 0.270957 0.294623 0.033304 0.713819 0.142235 0.589516 0.095554 0.913507 0.191842 0.820166 0.667433 0.899525 0.844359 0.277691 0.252866 0.025548 0.806167 0.884905 0.114563 0.934541 0.065819 0.714772 0.567778 0.822931 0.040886 0.691805 0.060726 0.542756 0.848560 0.915580 0.876929 0.119517 0.210203 0.910232 0.833336 0.352438 0.499748 0.928890 0.265945 0.691590 0.749056 0.933378 0.591115 0.593415 0.211069 0.843980 0.618964 0.017236 0.728885 0.733526 0.951777 0.794705 0.448298 0.519554 0.617636 0.489184 0.211359 0.678362 
0.031940 0.059919 0.593942 0.908869 0.179436 0.804145 0.819102 0.012773 0.156583 0.318850 0.941663 0.422528 0.010440 0.690719 0.355907 0.601554 0.284134 0.566976 0.445535 0.903098 0.584212 0.174420 0.636624 0.535989 0.969125 0.084922 0.055543 0.586761 0.574106 0.266902 0.265122 0.606046 0.326822 0.859064 0.514915 0.506258 0.663209 0.334017 0.519031 0.819792 0.652867 0.460693 0.242320 0.663306 0.151412 0.598227 0.264861 0.435546 0.165203 0.710396 0.338644 0.749415 0.884816 0.975267 0.285404 0.853940 0.060189 0.340947 0.440701 0.634295 0.607849 0.705823 0.240341 0.934671 
0.564887 0.755257 0.440929 0.228096 0.089274 0.959960 0.047888 0.742140 0.420653 0.290208 0.405447 0.572066 0.888435 0.670308 0.007612 0.053638 0.380703 0.346256 0.803053 0.265519 0.321523 0.088457 0.119459 0.381712 0.429404 0.560160 0.016007 0.037253 0.265983 0.256348 0.971924 0.830871 0.011605 0.412853 0.058967 0.100878 0.372812 0.106854 0.843019 0.793466 0.397062 0.248465 0.365531 0.285498 0.918773 0.373143 0.339136 0.299476 0.719398 0.142189 0.564995 0.040921 0.230646 0.684454 0.422634 0.660050 0.244615 0.438641 0.697303 0.510598 0.694989 0.669226 0.341469 0.706593 
0.082079 0.400435 0.807472 0.454891 0.507290 0.650490 0.248357 0.904352 0.898955 0.613888 0.189850 0.817729 0.987031 0.528986 0.117205 0.706429 0.671175 0.682200 0.747351 0.901820 0.366654 0.169984 0.561870 0.611269 0.608625 0.259173 0.121867 0.303613 0.928399 0.463336 0.010207 0.010478 0.863771 0.817678 0.465369 0.371061 0.468168 0.713726 0.275413 0.367124 0.327614 0.465263 0.184852 0.314645 0.994249 0.302057 0.021074 0.665423 0.984257 0.768425 0.567244 0.350912 0.938409 0.129114 0.962181 0.547034 0.388287 0.084048 0.850647 0.316685 0.547384 0.860854 0.327163 0.411155 
0.678533 0.792532 0.782216 0.146701 0.506258 0.057630 0.513825 0.833873 0.522893 0.698677 0.148518 0.517141 0.000735 0.169592 0.182565 0.984992 0.938017 0.749808 0.335904 0.876426 0.878922 0.298084 0.423460 0.267209 0.382133 0.274107 0.583894 0.929517 0.134961 0.911058 0.340672 0.813494 0.703590 0.122888 0.960195 0.209849 0.180518 0.474020 0.043721 0.703410 0.172697 0.192239 0.220552 0.173432 0.361831 0.403116 0.158423 0.299847 0.152925 0.494327 0.176273 0.031847 0.792411 0.599733 0.299056 0.174544 0.873840 0.882950 0.104061 0.008801 0.794008 0.444732 0.822295 0.497598 
0.567621 0.782490 0.707447 0.748138 0.256509 0.751168 0.451549 0.429206 0.943407 0.672100 0.602638 0.305237 0.075217 0.761061 0.605085 0.228141 0.255388 0.781358 0.259988 0.047799 0.381091 0.559044 0.222343 0.254931 0.441994 0.326404 0.263732 0.236002 0.771136 0.086027 0.733600 0.338757 0.868517 0.441047 0.086895 0.125026 0.192215 0.538444 0.554232 0.135622 0.210544 0.156870 0.440859 0.285761 0.917931 0.045944 0.513902 0.173320 0.827302 0.773890 0.221119 0.208393 0.332934 0.443462 0.463324 0.774928 0.769866 0.727056 0.010931 0.541003 0.813083 0.744531 0.879760 0.681600 
0.185578 0.966655 0.806626 0.377794 0.505099 0.360859 0.513416 0.715643 0.517729 0.954275 0.001403 0.435661 0.000219 0.515305 0.608980 0.827521 0.289195 0.830099 0.035914 0.622129 0.273562 0.499238 0.397057 0.043428 0.226295 0.407988 0.584431 0.039378 0.152519 0.464190 0.720978 0.338098 0.430845 0.527605 0.715891 0.935944 0.888464 0.229307 0.651586 0.406193 0.183582 0.652990 0.841853 0.183801 0.168295 0.450834 0.011322 0.457490 0.280933 0.047237 0.079619 0.554495 0.546475 0.476676 0.597923 0.772770 0.884664 0.182353 0.812148 0.037184 0.646544 0.533126 0.375281 0.077389 
0.060731 0.091172 0.013332 0.949194 0.320479 0.664919 0.355387 0.504060 0.317908 0.197240 0.687861 0.486203 0.648074 0.699183 0.943693 0.929007 0.746420 0.023312 0.483501 0.292895 0.499988 0.081424 0.065665 0.384653 0.263777 0.877813 0.421836 0.910321 0.410939 0.797118 0.987710 0.471669 0.888290 0.001042 0.420863 0.208769 0.665960 0.776250 0.712829 0.983869 0.973491 0.400691 0.470072 0.621565 0.099874 0.413765 0.550572 0.846294 0.437077 0.034073 0.139189 0.937065 0.115497 0.204853 0.321718 0.379274 0.082666 0.743555 0.289595 0.493604 0.540672 0.277305 0.965274 0.428962 
0.278347 0.386137 0.637731 0.944307 0.162387 0.350561 0.928176 0.135878 0.751251 0.398248 0.757443 0.851125 0.812013 0.308015 0.697419 0.249090 0.342088 0.836607 0.186155 0.457585 0.041461 0.507873 0.836860 0.124127 0.251428 0.126455 0.617731 0.792100 0.403760 0.583005 0.221062 0.682107 0.969142 0.858794 0.626414 0.131529 0.209354 0.554590 0.267407 0.960605 0.952838 0.024851 0.811730 0.764851 0.332865 0.509149 0.013941 0.674954 0.345756 0.200096 0.132539 0.387217 0.707970 0.969399 0.511344 0.959398 0.095854 0.129075 0.751498 0.499614 0.712080 0.972560 0.181721 0.681221 
0.831354 0.808135 0.812750 0.040708 0.362725 0.080158 0.001313 0.315563 0.105008 0.813043 0.080414 0.437874 0.322192 0.094355 0.112827 0.667949 0.294451 0.245366 0.055166 0.002421 0.214765 0.566510 0.961819 0.310619 0.695585 0.713317 0.810233 0.407664 0.685877 0.991954 0.088885 0.517231 0.800089 0.901636 0.557939 0.162814 0.981793 0.559252 0.478377 0.086802 0.372296 0.558791 0.524675 0.694488 0.653146 0.637503 0.362437 0.947597 0.882869 0.417602 0.950018 0.097634 0.984112 0.911837 0.408253 0.679697 0.625153 0.218486 0.087361 0.311030 0.210441 0.176247 0.828262 0.010530 
0.077882 0.386201 0.173344 0.059676 0.945453 0.651721 0.146478 0.317749 0.210512 0.671153 0.012237 0.863657 0.308655 0.374674 0.811254 0.191524 0.792276 0.761272 0.289158 0.776388 0.673108 0.697411 0.456085 0.298262 0.915898 0.543446 0.609292 0.126338 0.719693 0.437554 0.136868 0.797575 0.823754 0.310212 0.857251 0.769208 0.961933 0.003729 0.086957 0.172445 0.674882 0.099194 0.036102 0.983537 0.473867 0.847356 0.175061 0.266143 0.608628 0.464220 0.042532 0.281736 0.161631 0.498617 0.579998 0.077528 0.042063 0.189290 0.203866 0.761756 0.626843 0.340734 0.559332 0.450598 
0.650946 0.416583 0.219805 0.612879 0.420312 0.306762 0.785324 0.095194 0.405956 0.821426 0.078731 0.879823 0.668782 0.253792 0.145966 0.277410 0.718012 0.188498 0.559146 0.879642 0.687115 0.139144 0.957171 0.729178 0.328433 0.161037 0.490934 0.955277 0.501772 0.050266 0.405874 0.152718 0.466849 0.625680 0.765597 0.887160 0.932442 0.550921 0.982354 0.338397 0.372347 0.061085 0.218220 0.041129 0.314877 0.364186 0.318539 0.032888 0.552684 0.877685 0.912531 0.239798 0.016828 0.869702 0.968976 0.345262 0.030739 0.459910 0.300538 0.532510 0.510176 0.706412 0.685228 0.977025 
0.332092 0.450826 0.864185 0.264534 0.001747 0.846539 0.602931 0.374094 0.907624 0.821151 0.415223 0.222500 0.185337 0.733762 0.255389 0.738021 0.611446 0.167920 0.977820 0.628274 0.037621 0.946796 0.973536 0.068360 0.406706 0.274074 0.600871 0.916882 0.980487 0.286099 0.893907 0.312579 0.736925 0.758092 0.577113 0.738672 0.604631 0.180044 0.112766 0.512254 0.001195 0.527989 0.734755 0.186533 0.261751 0.990143 0.924554 0.873197 0.158063 0.902373 0.501471 0.195684 0.849169 0.475007 0.264044 0.255875 0.749081 0.864915 0.172758 0.729568 0.151014 0.066664 0.042147 0.887939 
0.824756 0.619260 0.626611 0.429387 0.799304 0.739377 0.941641 0.800499 0.267366 0.676396 0.987032 0.529117 0.666539 0.911586 0.402314 0.824602 0.813959 0.903785 0.020286 0.663128 0.378792 0.284330 0.919004 0.127874 0.149245 0.091761 0.857442 0.300260 0.158425 0.899589 0.188199 0.983182 0.518849 0.814810 0.412568 0.318153 0.554187 0.354209 0.118652 0.821553 0.030605 0.105684 0.350669 0.697144 0.017270 0.752983 0.521745 0.831229 0.656768 0.542031 0.494357 0.035560 0.826362 0.413361 0.163434 0.975607 0.505122 0.020876 0.275866 0.663547 0.920465 0.464065 0.646729 0.439314 
0.278875 0.059297 0.757466 0.833061 0.413507 0.876118 0.654614 0.444111 0.981802 0.005283 0.141255 0.999072 0.758266 0.663001 0.830301 0.415033 0.205032 0.324658 0.450594 0.031393 0.738018 0.614027 0.007000 0.243140 0.634903 0.282867 0.906687 0.555368 0.746932 0.553416 0.994682 0.025806 0.612713 0.752148 0.858868 0.026219 0.628266 0.513482 0.470331 0.610068 0.518765 0.611586 0.609140 0.277030 0.274586 0.439441 0.692064 0.479618 0.764099 0.142657 0.511012 0.502117 0.756685 0.518012 0.745257 0.391588 0.800879 0.651944 0.946956 0.547811 0.205360 0.941637 0.573617 0.818073 
0.693785 0.432485 0.844292 0.322051 0.945966 0.314623 0.932120 0.464731 0.926209 0.541260 0.741761 0.200795 0.980701 0.433825 0.680413 0.744800 0.576482 0.191425 0.246917 0.333167 0.709437 0.992174 0.724755 0.510316 0.644118 0.671711 0.058126 0.849478 0.613348 0.631743 0.667551 0.307133 0.064228 0.511843 0.629185 0.010194 0.826466 0.561305 0.474925 0.752675 0.102565 0.216686 0.953470 0.083266 0.650511 0.633883 0.828066 0.226994 0.825308 0.074984 0.560160 0.534745 0.067158 0.284915 0.045060 0.711277 0.956626 0.103187 0.560755 0.569974 0.734930 0.228306 0.877108 0.799158 
0.740149 0.506293 0.809352 0.566615 0.067597 0.284277 0.319290 0.170162 0.500964 0.272759 0.253428 0.151475 0.906643 0.081494 0.378468 0.731951 0.156478 0.938629 0.266695 0.223636 0.223544 0.311756 0.934913 0.180170 0.414942 0.495668 0.750144 0.149872 0.723974 0.627252 0.949030 0.464123 0.133545 0.758382 0.030739 0.201142 0.042659 0.350028 0.371304 0.543622 0.622788 0.624732 0.695097 0.529430 0.706226 0.073566 0.261381 0.862705 0.012194 0.528076 0.086341 0.235738 0.839832 0.021254 0.415908 0.254775 0.516923 0.166052 0.404647 0.240897 0.793305 0.353677 0.705020 0.926849 
0.112058 0.735759 0.127991 0.154717 0.085787 0.499295 0.698340 0.708575 0.124027 0.393437 0.238005 0.830254 0.467003 0.499386 0.692958 0.479197 0.027462 0.779299 0.714935 0.867294 0.800554 0.130843 0.122069 0.317476 0.296896 0.526716 0.558373 0.090200 0.880392 0.263394 0.017050 0.992451 0.999153 0.145041 0.147168 0.084940 0.644336 0.845508 0.793515 0.768363 0.238945 0.031520 0.598617 0.705948 0.530906 0.291575 0.185145 0.558369 0.070875 0.900080 0.425663 0.871428 0.030924 0.547732 0.188905 0.327820 0.074448 0.747278 0.418020 0.954840 0.010672 0.435069 0.947291 0.009824 
0.580110 0.094459 0.094764 0.224446 0.939967 0.888279 0.992809 0.178913 0.919799 0.591426 0.884861 0.450705 0.883001 0.070006 0.009074 0.953876 0.970087 0.434737 0.825304 0.001010 0.982469 0.014209 0.328830 0.056916 0.761487 0.746850 0.011756 0.772158 0.181919 0.959047 0.781983 0.762030 0.053506 0.876747 0.986476 0.993473 0.765026 0.979285 0.172386 0.684825 0.570711 0.057247 0.135530 0.453712 0.127253 0.144604 0.407588 0.097339 0.579341 0.232892 0.098350 0.561810 0.247100 0.427180 0.618726 0.008587 0.174030 0.630483 0.780745 0.355949 0.589530 0.562728 0.117979 0.643036 
0.439475 0.104454 0.636509 0.204500 0.083740 0.808895 0.889325 0.654451 0.866141 0.024855 0.108163 0.993394 0.169460 0.515751 0.090733 0.748801 0.748642 0.189083 0.310611 0.995743 0.616263 0.929338 0.004330 0.790292 0.559820 0.785075 0.146241 0.149350 0.347803 0.264220 0.792386 0.787278 0.368674 0.428895 0.991778 0.452414 0.237789 0.881103 0.106864 0.103931 0.905959 0.215027 0.097325 0.075418 0.730778 0.188058 0.824219 0.479420 0.377142 0.134830 0.475163 0.993404 0.064168 0.479493 0.783697 0.623988 0.264568 0.929938 0.773338 0.612371 0.194158 0.565724 0.399649 0.562832 
0.994618 0.391427 0.015246 0.232408 0.272530 0.122110 0.336339 0.178489 0.337137 0.433664 0.253907 0.067915 0.621722 0.078127 0.547335 0.998864 0.212957 0.022498 0.992268 0.277125 0.501990 0.775964 0.901113 0.766558 0.705902 0.674451 0.378930 0.900060 0.240175 0.778579 0.462892 0.234793 0.170006 0.478138 0.467201 0.442536 0.600247 0.803540 0.621025 0.937385 0.237203 0.874932 0.005299 0.858925 0.953059 0.552634 0.857789 0.166016 0.575132 0.850057 0.443141 0.077122 0.626021 0.344254 0.843681 0.331924 0.018705 0.222610 0.231984 0.258880 0.001189 0.694876 0.493673 0.171195 
0.173013 0.960874 0.613731 0.773261 0.764414 0.234756 0.710645 0.001617 0.109688 0.715945 0.860543 0.062748 0.268579 0.718332 0.228764 0.843711 0.568389 0.671904 0.920833 0.194410 0.016158 0.764513 0.526334 0.034863 0.987124 0.758318 0.293743 0.988313 0.453194 0.787416 0.159508 0.626207 0.748290 0.773239 0.399468 0.512704 0.007995 0.110113 0.514321 0.117683 0.826058 0.374864 0.180431 0.094637 0.093196 0.409194 0.938347 0.661584 0.081099 0.859180 0.855995 0.097257 0.623694 0.382329 0.132120 0.610817 0.140646 0.425863 0.599130 0.593840 0.213279 0.758638 0.220047 0.961569 
0.531876 0.619515 0.474273 0.539871 0.729629 0.988595 0.657554 0.555687 0.363459 0.837985 0.650323 0.456654 0.247179 0.588671 0.118239 0.328278 0.447851 0.974233 0.425535 0.071544 0.356562 0.557656 0.682362 0.497208 0.983519 0.281492 0.091048 0.196798 0.040129 0.311096 0.158368 0.572006 0.930611 0.632641 0.111877 0.660239 0.621236 0.769431 0.215926 0.984694 0.607416 0.866250 0.441349 0.854596 0.454920 0.559587 0.182874 0.902771 0.533820 0.608409 0.974316 0.890382 0.166065 0.656678 0.387590 0.149584 0.938169 0.478638 0.346382 0.978299 0.789734 0.504750 0.550305 0.720345 
0.137391 0.662181 0.380584 0.758627 0.431613 0.596510 0.743321 0.039029 0.462760 0.184670 0.893625 0.917680 0.744257 0.076499 0.820452 0.278077 0.684908 0.794767 0.168459 0.850973 0.451445 0.556049 0.000557 0.389614 0.034687 0.346939 0.367913 0.824421 0.851689 0.918218 0.544766 0.989080 0.580399 0.925350 0.747707 0.012012 0.521860 0.491028 0.051041 0.984620 0.675697 0.944666 0.902300 0.419954 0.021165 0.722752 0.698031 0.706074 0.517519 0.866491 0.557047 0.968964 0.422540 0.557604 0.358579 0.457227 0.904543 0.726492 0.281648 0.756232 0.644710 0.826414 0.745312 0.225109 
0.751764 0.493019 0.237121 0.273624 0.984047 0.288163 0.258244 0.659744 0.232829 0.160544 0.079698 0.253994 0.883296 0.777730 0.960068 0.400815 0.644220 0.517115 0.369780 0.066760 0.074719 0.728358 0.523987 0.979262 0.454851 0.805636 0.735494 0.099560 0.632050 0.480806 0.324670 0.383814 0.973825 0.561791 0.657439 0.957872 0.849954 0.915683 0.617616 0.082783 0.076227 0.697314 0.336777 0.959523 0.475044 0.296845 0.360338 0.119264 0.813959 0.730118 0.186025 0.888678 0.458477 0.710012 0.867940 0.913327 0.515648 0.603434 0.012888 0.147698 0.084240 0.337557 0.531512 0.058065 
0.899348 0.188951 0.015937 0.749302 0.104634 0.633552 0.832085 0.180861 0.330866 0.168862 0.140384 0.805910 0.465706 0.500723 0.925175 0.279665 0.230841 0.111199 0.168343 0.689317 0.821211 0.036283 0.602644 0.336859 0.639717 0.615532 0.484557 0.723956 0.953089 0.016070 0.782021 0.852438 0.205021 0.797958 0.601740 0.309655 0.431510 0.433825 0.490516 0.762377 0.602686 0.630900 0.568287 0.068393 0.131622 0.493462 0.348058 0.362463 0.604661 0.516401 0.051780 0.425872 0.552684 0.654424 0.762731 0.192401 0.269956 0.247289 0.916357 0.223046 0.263358 0.698379 0.075483 0.468379 
0.496336 0.677223 0.778034 0.927847 0.111048 0.268549 0.690223 0.713735 0.899449 0.258511 0.782127 0.031071 0.751972 0.130185 0.393534 0.356633 0.646587 0.445314 0.782506 0.199271 0.099739 0.545237 0.391672 0.369695 0.792526 0.308029 0.592741 0.055884 0.006407 0.668224 0.524263 0.502744 0.345447 0.302296 0.430591 0.456495 0.570846 0.120814 0.170230 0.470294 0.379325 0.952357 0.501365 0.131297 0.082543 0.894899 0.487930 0.729129 0.340213 0.270436 0.928400 0.439952 0.815673 0.320072 0.809647 0.608198 0.628101 0.402387 0.664082 0.634508 0.070611 0.188345 0.137252 0.416059 
0.490642 0.567843 0.872554 0.061487 0.688657 0.042784 0.531781 0.067982 0.995141 0.033147 0.199279 0.077684 0.928046 0.687209 0.806813 0.268259 0.957645 0.735213 0.708211 0.773317 0.055285 0.517858 0.381516 0.683386 0.920245 0.045598 0.317894 0.990856 0.233943 0.455146 0.406915 0.724585 0.022988 0.279469 0.786072 0.711645 0.322253 0.317854 0.779627 0.317394 0.351000 0.978905 0.395078 0.279046 0.666114 0.201891 0.547306 0.623759 0.937105 0.255517 0.397076 0.992390 0.773374 0.778592 0.675775 0.693619 0.824190 0.993669 0.684475 0.058133 0.448815 0.091390 0.782718 0.471803 
0.370859 0.568790 0.183448 0.693112 0.886644 0.963075 0.010506 0.237644 0.941980 0.405584 0.516690 0.608094 0.607475 0.063996 0.231853 0.544580 0.319512 0.628929 0.536970 0.092887 0.407522 0.212745 0.786506 0.231712 0.206414 0.470981 0.289845 0.655228 0.562371 0.072563 0.127031 0.933230 0.641353 0.310480 0.626342 0.527997 0.273555 0.636848 0.765641 0.215535 0.042431 0.282331 0.823629 0.649907 0.346327 0.055482 0.194487 0.665840 0.684412 0.731456 0.758726 0.091933 0.944201 0.545232 0.323645 0.150615 0.016214 0.613490 0.805843 0.578585 0.686053 0.932875 0.511816 0.327406 
0.243354 0.138157 0.855403 0.516909 0.775005 0.621044 0.732443 0.817436 0.903375 0.556072 0.467343 0.249702 0.611555 0.661830 0.915542 0.295966 0.393286 0.674268 0.387899 0.337487 0.219501 0.711544 0.488102 0.235715 0.325034 0.293945 0.814300 0.011087 0.226820 0.326115 0.338492 0.470174 0.464273 0.193895 0.987083 0.239278 0.814939 0.719526 0.056714 0.718314 0.275598 0.524057 0.968016 0.887153 0.185887 0.883558 0.183119 0.579174 0.557826 0.571019 0.916661 0.777327 0.282563 0.404763 0.013041 0.607597 0.698708 0.827341 0.618683 0.925528 0.153457 0.957176 0.395702 0.617729 
0.151071 0.382785 0.857007 0.966010 0.102311 0.913721 0.684323 0.377909 0.437778 0.652339 0.265062 0.623666 0.535896 0.448181 0.202839 0.093722 0.019200 0.119500 0.871049 0.301763 0.524263 0.884090 0.909359 0.222972 0.711432 0.528043 0.148500 0.864888 0.485219 0.544202 0.482618 0.636290 0.926987 0.339625 0.602299 0.029297 0.253346 0.286622 0.407206 0.691124 0.938961 0.672268 0.314790 0.474857 0.120449 0.517629 0.568580 0.139649 0.637129 0.439629 0.441411 0.161392 0.323719 0.350771 0.384364 0.035151 0.878814 0.532863 0.900039 0.364032 0.077066 0.382657 0.000322 0.004052 
0.722282 0.602621 0.033350 0.975628 0.889243 0.440556 0.666752 0.828205 0.112824 0.981542 0.303062 0.233273 0.499171 0.871642 0.372922 0.136300 0.311270 0.814333 0.297692 0.634990 0.165104 0.682056 0.670140 0.043918 0.214919 0.570180 0.407950 0.291985 0.952837 0.408272 0.296037 0.675118 0.010893 0.329387 0.650746 0.900136 0.769942 0.317498 0.728341 0.882766 0.299040 0.031403 0.116039 0.798211 0.903044 0.488961 0.934511 0.214315 0.303294 0.232204 0.849304 0.468398 0.914259 0.519445 0.512316 0.129178 0.089625 0.920265 0.421163 0.042461 0.328537 0.717200 0.717579 0.339430 
0.046587 0.368326 0.239566 0.816529 0.685824 0.967907 0.699295 0.984864 0.999310 0.815335 0.783076 0.902354 0.304296 0.717587 0.116669 0.607590 0.949791 0.965974 0.075988 0.864050 0.485419 0.588304 0.993229 0.575043 0.508569 0.414392 0.617504 0.837107 0.131592 0.335084 0.176537 0.178178 0.703409 0.416103 0.994708 0.389233 0.384011 0.694003 0.374098 0.383321 0.509338 0.157174 0.285675 0.813633 0.874761 0.402344 0.421223 0.824552 0.368318 0.497212 0.688602 0.853737 0.085515 0.681830 0.428780 0.594085 0.096222 0.046285 0.431191 0.227814 0.381369 0.607728 0.405992 0.084778 
0.023831 0.400700 0.474011 0.407842 0.094703 0.848109 0.791162 0.604040 0.005283 0.076837 0.417674 0.880044 0.479182 0.838897 0.704595 0.847500 0.336109 0.393197 0.701237 0.421624 0.075027 0.130017 0.015709 0.171249 0.176302 0.446900 0.399063 0.557671 0.054628 0.805055 0.642449 0.078459 0.205755 0.116460 0.486301 0.300458 0.964569 0.277463 0.904498 0.969852 0.354300 0.322172 0.849895 0.833482 0.161069 0.554491 0.680982 0.497178 0.947688 0.382219 0.918802 0.022715 0.512236 0.934511 0.193964 0.688538 0.381410 0.593028 0.246209 0.436038 0.398083 0.888657 0.514497 0.603838 
0.005117 0.000798 0.904296 0.969686 0.278260 0.808794 0.939538 0.632561 0.130966 0.789433 0.466043 0.292036 0.343924 0.147024 0.789213 0.291611 0.529243 0.708015 0.314326 0.041479 0.642526 0.508291 0.730017 0.023936 0.101318 0.976226 0.459974 0.499401 0.864883 0.974471 0.103240 0.870000 0.975268 0.007536 0.839686 0.253529 0.816331 0.779224 0.886090 0.947297 0.568657 0.352132 0.239333 0.912581 0.499157 0.028546 0.204192 0.028400 0.736562 0.518518 0.069879 0.379087 0.026809 0.799896 0.403024 0.128127 0.776122 0.862998 0.627528 0.641004 0.837469 0.730768 0.511004 0.812737 
0.738304 0.350690 0.066266 0.554635 0.129914 0.952356 0.501932 0.698571 0.304488 0.741265 0.611151 0.803645 0.769811 0.815343 0.832045 0.506373 0.333861 0.901924 0.885460 0.360670 0.701820 0.288484 0.488797 0.477941 0.151481 0.116325 0.118945 0.988950 0.847094 0.629949 0.801687 0.585398 0.980639 0.867953 0.140033 0.110553 0.820309 0.641965 0.809124 0.124797 0.383230 0.420275 0.928442 0.153041 0.235618 0.760486 0.659414 0.569479 0.662410 0.544874 0.930149 0.364230 0.833357 0.418946 0.842171 0.984839 0.535272 0.961116 0.973788 0.382365 0.591065 0.775475 0.967763 0.571704 
0.643429 0.107797 0.682257 0.463738 0.749762 0.491381 0.588535 0.132992 0.911656 0.516976 0.286034 0.147274 0.277463 0.945448 0.716753 0.939873 0.490321 0.646902 0.304102 0.323679 0.065848 0.146273 0.308517 0.601120 0.107389 0.282306 0.983485 0.698454 0.057781 0.951248 0.270158 0.701210 0.059045 0.952415 0.164947 0.808807 0.443796 0.753482 0.941799 0.355452 0.270458 0.227833 0.502726 0.547921 0.173280 0.219479 0.487794 0.663602 0.866381 0.791896 0.987280 0.932229 0.938168 0.295798 0.533349 0.045557 0.578103 0.516833 0.744011 0.635885 0.468082 0.014169 0.337094 0.527127 
0.966584 0.502042 0.335934 0.410380 0.255524 0.277733 0.765832 0.525982 0.505566 0.268558 0.073902 0.678846 0.488036 0.561696 0.342447 0.354417 0.353592 0.329728 0.286646 0.291760 0.625525 0.819994 0.337317 0.203629 0.336828 0.081328 0.839513 0.804910 0.095496 0.176608 0.332036 0.062080 0.678650 0.667970 0.472460 0.934173 0.945703 0.238292 0.460155 0.451268 0.506850 0.534057 0.130114 0.994886 0.095753 0.472562 0.349303 0.449345 0.802289 0.635949 0.741105 0.427815 0.455943 0.078423 0.631444 0.792771 0.159750 0.470957 0.597681 0.255247 0.647565 0.929718 0.317327 0.326215 
0.597688 0.789787 0.260388 0.543391 0.028080 0.720542 0.994659 0.534930 0.254600 0.124773 0.529816 0.350353 0.597335 0.879119 0.799698 0.399624 0.515067 0.540804 0.827439 0.971011 0.619226 0.458882 0.763782 0.778977 0.929839 0.361463 0.034223 0.577404 0.291181 0.351551 0.903619 0.888868 0.141338 0.164007 0.432259 0.169418 0.884549 0.426918 0.704347 0.139149 0.551691 0.234163 0.489502 0.149026 0.113281 0.289200 0.548650 0.628349 0.830004 0.376088 0.599360 0.449230 0.834971 0.363142 0.228206 0.764810 0.724605 0.262430 0.342214 0.015785 0.613980 0.245833 0.904654 0.755318 
0.409839 0.336913 0.924736 0.294388 0.763831 0.629083 0.433537 0.315522 0.863246 0.923039 0.464547 0.976528 0.212239 0.013197 0.604876 0.042243 0.389285 0.204236 0.491473 0.224256 0.567377 0.719679 0.989066 0.291982 0.982109 0.331280 0.307768 0.596089 0.577113 0.212421 0.351407 0.986952 0.549334 0.276143 0.281340 0.313165 0.905227 0.714878 0.628686 0.768473 0.637917 0.093234 0.745000 0.850156 0.106430 0.349877 0.892399 0.495716 0.554112 0.383872 0.719972 0.121490 0.103551 0.709037 0.413472 0.085659 0.040317 0.721239 0.681748 0.617430 0.933661 0.033155 0.604382 0.482995 
0.309299 0.885722 0.796160 0.214525 0.600600 0.424846 0.982998 0.238517 0.518079 0.727998 0.088673 0.624510 0.077875 0.981072 0.120226 0.631987 0.364944 0.840197 0.753477 0.468494 0.549234 0.166949 0.554154 0.589552 0.888188 0.235902 0.206981 0.821849 0.269057 0.811363 0.304844 0.578356 0.697086 0.101003 0.792881 0.297686 0.525849 0.775879 0.536202 0.043928 0.503878 0.624875 0.668438 0.581753 0.605947 0.788664 0.213740 0.970891 0.628861 0.967217 0.439385 0.178095 0.134165 0.993539 0.767647 0.022354 0.229441 0.974628 0.844202 0.498498 0.785991 0.149046 0.076854 0.483077 
0.250049 0.869735 0.780762 0.775898 0.645614 0.316965 0.819826 0.149492 0.941840 0.488264 0.731244 0.547788 0.276928 0.944984 0.518679 0.905789 0.912201 0.958064 0.083884 0.046366 0.951603 0.851530 0.068720 0.181043 0.826158 0.912922 0.679541 0.612150 0.061968 0.756394 0.095226 0.312017 0.626129 0.875989 0.087915 0.271743 0.192954 0.907742 0.421234 0.134794 0.396006 0.152479 0.682582 0.672934 0.097462 0.201260 0.578723 0.009663 0.159324 0.662607 0.056029 0.110927 0.514137 0.124749 0.291970 0.340296 0.037671 0.971511 0.952445 0.099639 0.727905 0.047672 0.411657 0.354034 
0.923661 0.499572 0.625777 0.116614 0.407314 0.047011 0.251408 0.803320 0.199490 0.933990 0.476254 0.296953 0.135250 0.054977 0.306616 0.294575 0.717584 0.362645 0.405501 0.231721 0.487394 0.697471 0.572017 0.525065 0.668982 0.524463 0.624705 0.396887 0.572134 0.036361 0.750921 0.495795 0.535933 0.376698 0.612409 0.943247 0.423710 0.863818 0.746567 0.623200 0.797808 0.222821 0.920152 0.933059 0.277798 0.226768 0.227633 0.995382 0.589413 0.633134 0.227104 0.076807 0.330606 0.799121 0.601873 0.999588 0.323583 0.226577 0.396475 0.895718 0.262939 0.147396 0.391513 0.798872 
0.524095 0.003922 0.742120 0.947805 0.867740 0.488687 0.571005 0.665548 0.711508 0.491157 0.598607 0.989307 0.717925 0.826240 0.984689 0.307338 0.459374 0.211793 0.384145 0.789980 0.010913 0.986018 0.789568 0.334497 0.212595 0.186043 0.230214 0.475534 0.333440 0.621727 0.274406 0.857534 0.625649 0.016526 0.805339 0.493390 0.505212 0.376344 0.158938 0.216720 0.867500 0.757545 0.206027 0.585425 0.583784 0.190716 0.892763 0.043159 0.402509 0.276909 0.833139 0.413422 0.262926 0.622707 0.747919 0.475521 0.808750 0.978133 0.951055 0.142190 0.599860 0.225461 0.999724 0.225509 
0.241987 0.805063 0.718899 0.747199 0.181407 0.877837 0.963919 0.048908 0.635382 0.169947 0.634333 0.219166 0.360663 0.527097 0.262325 0.763171 0.804005 0.095464 0.176593 0.066932 0.718171 0.924512 0.542453 0.526921 0.902645 0.493508 0.669111 0.502505 0.718969 0.668835 0.728014 0.960956 0.473899 0.446913 0.708155 0.655306 0.324750 0.672074 0.704213 0.960132 0.842021 0.338546 0.179298 0.202684 0.865643 0.441622 0.965855 0.669648 0.537086 0.142448 0.736580 0.255257 0.066960 0.279033 0.782178 0.969605 0.772541 0.451288 0.472110 0.491510 0.120123 0.200124 0.452466 0.594022 
0.647038 0.160621 0.249328 0.971788 0.832696 0.953541 0.931920 0.674717 0.292087 0.111218 0.877400 0.157730 0.552840 0.843255 0.827379 0.089926 0.985703 0.563958 0.345183 0.052663 0.842991 0.127360 0.022268 0.615532 0.578649 0.494378 0.107042 0.698772 0.694502 0.559508 0.292794 0.341540 0.720129 0.542122 0.313328 0.552825 0.495663 0.245248 0.227541 0.787750 0.356465 0.104942 0.945481 0.909306 0.948197 0.772859 0.999232 0.933900 0.336817 0.344415 0.986563 0.179808 0.471775 0.008832 0.795340 0.050424 0.503210 0.902381 0.749196 0.197712 0.461889 0.041990 0.539252 0.182018 
0.584112 0.852580 0.734843 0.079774 0.097827 0.962384 0.867525 0.454293 0.067326 0.813005 0.363599 0.015522 0.585865 0.362830 0.949422 0.922682 0.707245 0.935986 0.102490 0.179020 0.944817 0.897830 0.229444 0.448027 0.800211 0.978640 0.645739 0.262101 0.020630 0.184991 0.444119 0.604742 0.037570 0.178962 0.684516 0.135398 0.141346 0.552041 0.589691 0.208672 0.365046 0.953289 0.224194 0.950911 0.316120 0.173616 0.873593 0.023365 0.109602 0.976083 0.202386 0.054419 0.873913 0.431830 0.502446 0.674124 0.410470 0.148185 0.936225 0.431100 0.333176 0.380344 0.035841 0.370746 
0.559306 0.720357 0.506144 0.700652 0.272398 0.095835 0.909324 0.637444 0.049124 0.133518 0.588355 0.365244 0.307134 0.461947 0.388609 0.416736 0.438030 0.590995 0.471156 0.311943 0.022825 0.973602 0.986067 0.433295 0.121787 0.922292 0.864394 0.454962 0.302636 0.900236 0.825708 0.861942 0.620593 0.331852 0.562594 0.892991 0.427687 0.471918 0.530435 0.476812 0.605436 0.118790 0.842056 0.912571 0.580737 0.230665 0.329307 0.018767 0.821660 0.800462 0.330710 0.844485 0.774064 0.316778 0.277779 0.895851 0.239070 0.142174 0.350813 0.541706 0.042409 0.176522 0.403648 0.663002 
0.508374 0.966242 0.555993 0.936061 0.438160 0.086428 0.412873 0.043597 0.205218 0.254929 0.956167 0.785955 0.485594 0.285474 0.804722 0.307254 0.085937 0.135433 0.151739 0.860001 0.452210 0.429518 0.755852 0.691280 0.571692 0.106665 0.232986 0.614101 0.283186 0.636634 0.277103 0.791561 0.602876 0.833096 0.727622 0.041037 0.919524 0.140495 0.084633 0.124741 0.395424 0.040800 0.910696 0.881018 0.326274 0.715418 0.188272 0.412211 0.850851 0.340011 0.272212 0.303061 0.769529 0.028063 0.994341 0.341221 0.134728 0.227327 0.955321 0.417915 0.863961 0.232424 0.209475 0.466837 
0.065520 0.937097 0.507874 0.985044 0.077592 0.592507 0.109785 0.473016 0.633307 0.020481 0.354034 0.959582 0.735899 0.542306 0.371793 0.586750 0.882317 0.644004 0.889811 0.651845 0.672067 0.884152 0.993066 0.806796 0.111478 0.948388 0.224710 0.975439 0.180812 0.434185 0.442276 0.246332 0.371282 0.950149 0.231376 0.448875 0.542656 0.341161 0.921891 0.175964 0.361642 0.275925 0.135545 0.097541 0.818231 0.507338 0.684291 0.700548 0.151342 0.574101 0.352393 0.823409 0.458253 0.345459 0.630205 0.569731 0.293847 0.854915 0.545170 0.474659 0.289100 0.987446 0.720991 0.660383 
0.937595 0.952367 0.109258 0.480252 0.293528 0.031149 0.656215 0.655169 0.307074 0.791761 0.752710 0.125305 0.299098 0.437001 0.825853 0.450440 0.011102 0.178246 0.273850 0.469355 0.523705 0.904055 0.039086 0.817552 0.758970 0.584256 0.292210 0.048070 0.571702 0.013201 0.708453 0.509298 0.965567 0.817711 0.989550 0.259095 0.848859 0.645765 0.914265 0.155933 0.437525 0.666975 0.281238 0.736624 0.103976 0.107090 0.187064 0.115078 0.285336 0.460914 0.584433 0.809041 0.364969 0.623519 0.626592 0.123939 0.207775 0.918803 0.172010 0.779478 0.932003 0.880463 0.288775 0.897571 
0.698174 0.278325 0.156666 0.547033 0.924090 0.070931 0.702966 0.361615 0.737905 0.984204 0.098239 0.841881 0.091294 0.285303 0.956959 0.376630 0.746218 0.541392 0.185671 0.111187 0.164912 0.812263 0.235127 0.372687 0.731066 0.407136 0.152165 0.663069 0.287599 0.440940 0.560640 0.985773 0.719265 0.717306 0.532806 0.643355 0.788237 0.235771 0.004970 0.526142 0.219975 0.103209 0.368023 0.311269 0.388512 0.324983 0.687899 0.134730 0.866375 0.873570 0.245917 0.031287 0.685833 0.481044 0.403974 0.416899 0.888180 0.556139 0.079969 0.175780 0.997079 0.640609 0.161553 0.716344 
0.357915 0.694358 0.359698 0.146151 0.930130 0.364668 0.672294 0.150105 0.467877 0.040317 0.461374 0.856389 0.365300 0.149273 0.991119 0.231675 0.022843 0.237037 0.262962 0.708676 0.718081 0.666936 0.125575 0.606261 0.223074 0.205544 0.782041 0.220153 0.846152 0.943594 0.936497 0.204067 0.637952 0.296195 0.350219 0.568082 0.660863 0.022512 0.718187 0.128739 0.062829 0.179561 0.985129 0.428129 0.328833 0.976248 0.659804 0.351676 0.213285 0.922765 0.060352 0.931366 0.589701 0.185927 0.537627 0.812775 0.391471 0.319668 0.032928 0.237623 0.263262 0.969425 0.441691 0.901214 
0.265620 0.791909 0.469296 0.926482 0.814422 0.187483 0.055222 0.877251 0.367044 0.040350 0.305380 0.695877 0.016598 0.965184 0.047553 0.229883 0.887949 0.107905 0.161249 0.477650 0.293832 0.698876 0.290426 0.685303 0.018544 0.323354 0.922926 0.281806 0.292779 0.364617 0.183020 0.558399 0.156526 0.652316 0.484881 0.970948 0.839799 0.540103 0.848199 0.206843 0.580453 0.153579 0.902720 0.597052 0.118763 0.950273 0.826935 0.006712 0.058178 0.988184 0.484362 0.352010 0.687060 0.774788 0.037312 0.705604 0.098142 0.960238 0.987410 0.390922 0.324855 0.170430 0.949321 0.481381 
0.822747 0.434202 0.452329 0.662546 0.974305 0.300528 0.869389 0.554758 0.454107 0.772109 0.151809 0.572869 0.722381 0.978744 0.579581 0.780559 0.966928 0.063944 0.132569 0.653988 0.838732 0.169881 0.359592 0.936874 0.130119 0.347002 0.327796 0.454974 0.517432 0.277117 0.936355 0.340179 0.711318 0.388684 0.002725 0.685623 0.689211 0.872114 0.240381 0.143318 0.644222 0.392190 0.716187 0.366604 0.370935 0.295768 0.147163 0.337863 0.359712 0.279731 0.991850 0.198444 0.449612 0.351442 0.135319 0.579731 0.698444 0.463115 0.034705 0.215875 0.740231 0.971060 0.556054 0.451550 
0.359744 0.558779 0.137173 0.048955 0.430892 0.377554 0.192273 0.075115 0.769745 0.908460 0.441718 0.140679 0.204229 0.588881 0.478542 0.563941 0.868613 0.470392 0.762385 0.318225 0.821834 0.897703 0.897956 0.520278 0.360818 0.932662 0.736153 0.101050 0.903722 0.292207 0.552600 0.263466 0.850986 0.689773 0.312421 0.281878 0.067327 0.504694 0.356992 0.837071 0.413154 0.798711 0.977750 0.617382 0.387592 0.456292 0.181323 0.256205 0.926684 0.943708 0.574429 0.748519 0.841411 0.472385 0.268796 0.202230 0.405047 0.004950 0.303279 0.308769 0.297157 0.855879 0.572235 0.148143 
0.545651 0.884656 0.430020 0.612978 0.389349 0.787013 0.450049 0.802503 0.585724 0.427799 0.419886 0.973316 0.884092 0.601209 0.229520 0.810776 0.544917 0.803950 0.559295 0.386328 0.276335 0.828091 0.588558 0.681382 0.833041 0.891837 0.990151 0.130197 0.747716 0.562386 0.278340 0.293367 0.447041 0.708360 0.906345 0.836390 0.495373 0.356394 0.638894 0.081097 0.784194 0.058779 0.054413 0.668285 0.659988 0.283933 0.479061 0.204905 0.087882 0.038356 0.591233 0.364217 0.866447 0.179790 0.045600 0.699488 0.071627 0.035751 0.829685 0.819343 0.598136 0.108025 0.112710 0.045177 
0.816386 0.019056 0.881568 0.311759 0.375450 0.520461 0.392856 0.159644 0.579241 0.447269 0.827929 0.239229 0.731202 0.306990 0.444133 0.819084 0.345346 0.035366 0.183302 0.211793 0.215156 0.228901 0.911280 0.286783 0.264652 0.740965 0.106127 0.862788 0.848990 0.218837 0.907965 0.665376 0.237893 0.789533 0.977135 0.613342 0.309995 0.369991 0.772986 0.889235 0.817260 0.600915 0.128464 0.548462 0.907905 0.572597 0.367546 0.253250 0.607963 0.550848 0.465043 0.823119 0.779749 0.376323 0.109902 0.044401 0.117288 0.216029 0.907189 0.966279 0.434866 0.815155 0.631655 0.672759 
0.604688 0.608790 0.286101 0.914683 0.978781 0.059087 0.803918 0.796040 0.660002 0.932382 0.344502 0.567906 0.504979 0.712048 0.821157 0.112942 0.262896 0.286200 0.936061 0.042645 0.662523 0.045964 0.087046 0.779811 0.261993 0.994236 0.746090 0.696859 0.809390 0.377744 0.369617 0.414078 0.986534 0.655719 0.328761 0.965315 0.714806 0.132679 0.761355 0.374808 0.065061 0.105857 0.942714 0.570041 0.817905 0.763871 0.682983 0.080801 0.050070 0.619044 0.123446 0.712593 0.665008 0.210492 0.492404 0.927001 0.204728 0.238494 0.623860 0.014118 0.616238 0.993477 0.428197 0.602772 
0.649196 0.756958 0.568087 0.364002 0.889637 0.329442 0.738809 0.954698 0.435299 0.681523 0.524739 0.253204 0.445394 0.207722 0.334005 0.495465 0.826766 0.457451 0.208058 0.491774 0.667943 0.700462 0.418775 0.872671 0.938955 0.042635 0.886789 0.555193 0.036112 0.314986 0.157966 0.685307 0.071943 0.726053 0.049309 0.961580 0.055495 0.788118 0.916278 0.490794 0.469642 0.441017 0.743998 0.915036 0.648739 0.078003 0.410501 0.475505 0.535454 0.618558 0.967279 0.203397 0.319020 0.386054 0.076069 0.257975 0.428689 0.962858 0.813168 0.464801 0.277844 0.971134 0.150108 0.349787 
0.697187 0.199417 0.311367 0.752682 0.987535 0.227645 0.243476 0.457177 0.668662 0.987474 0.372213 0.317401 0.065477 0.782714 0.792906 0.600931 0.401272 0.760185 0.804329 0.720291 0.146240 0.880397 0.978266 0.574929 0.843255 0.791435 0.039729 0.121099 0.762569 0.189837 0.470886 0.459756 0.389254 0.782253 0.212438 0.376789 0.009898 0.455913 0.833966 0.678560 0.443387 0.206179 0.995961 0.508865 0.988893 0.788867 0.109796 0.390164 0.549053 0.914124 0.110456 0.695292 0.794522 0.088722 0.270221 0.637777 0.880157 0.309950 0.758876 0.642725 0.499788 0.229761 0.102481 0.889042 
0.012014 0.314918 0.265831 0.021912 0.770832 0.099797 0.700472 0.214219 0.305977 0.696433 0.723084 0.294869 0.485300 0.832880 0.685034 0.034353 0.747004 0.795490 0.729645 0.541526 0.884212 0.999866 0.179303 0.764368 0.309817 0.938178 0.407093 0.809604 0.167939 0.509574 0.698646 0.179953 0.824493 0.964477 0.201865 0.595324 0.064275 0.902337 0.809544 0.370251 0.598770 0.532628 0.665120 0.084071 0.365507 0.350154 0.118423 0.112511 0.145644 0.848069 0.654037 0.029855 0.847935 0.833340 0.794223 0.157752 0.771518 0.201317 0.967356 0.939458 0.710891 0.666003 0.119411 0.535383 
0.630480 0.321276 0.130708 0.694754 0.223614 0.940252 0.065006 0.822384 0.472879 0.730126 0.906455 0.838386 0.080280 0.024878 0.950898 0.225924 0.872947 0.604935 0.255779 0.720882 0.438275 0.050002 0.878634 0.209793 0.251319 0.845990 0.149251 0.962210 0.511993 0.268662 0.497593 0.142473 0.589938 0.628301 0.837227 0.813552 0.568552 0.902233 0.635936 0.041431 0.632359 0.542390 0.879818 0.712639 0.567268 0.830716 0.938563 0.440215 0.435651 0.194342 0.161097 0.873926 0.244344 0.039731 0.083719 0.495663 0.885722 0.232969 0.457873 0.397715 0.501631 0.955466 0.540188 0.091569 
0.583767 0.377415 0.905121 0.152319 0.279648 0.541057 0.193750 0.912007 0.083447 0.073568 0.624646 0.650715 0.904284 0.563209 0.090930 0.339934 0.757551 0.252027 0.213860 0.001895 0.291758 0.297578 0.497558 0.177479 0.530548 0.955431 0.575194 0.032179 0.910897 0.115382 0.123748 0.494663 0.492797 0.028869 0.646982 0.772445 0.569926 0.840733 0.684452 0.653373 0.914301 0.309098 0.304088 0.818584 0.872307 0.395018 0.158519 0.629857 0.647045 0.372379 0.631752 0.938803 0.669957 0.129310 0.116282 0.200505 0.084741 0.691476 0.232684 0.995638 0.806858 0.356432 0.490301 0.299655 
0.385302 0.137283 0.072100 0.955227 0.978016 0.756552 0.608600 0.892317 0.065650 0.912688 0.710901 0.937957 0.307706 0.869420 0.567814 0.954750 0.241798 0.199566 0.893553 0.911755 0.328876 0.009835 0.112260 0.413618 0.701312 0.344944 0.409255 0.508170 0.701376 0.899557 0.807824 0.086678 0.036840 0.879924 0.041905 0.014856 0.636476 0.650505 0.907172 0.702126 0.563193 0.618073 0.640083 0.870899 0.487493 0.207897 0.825649 0.729291 0.407464 0.719202 0.641047 0.736340 0.729038 0.753307 0.149958 0.430349 0.098250 0.559213 0.938519 0.799626 0.458769 0.746343 0.886304 0.495609 
0.626268 0.928209 0.510465 0.262744 0.578714 0.417637 0.964870 0.141908 0.035711 0.604954 0.012807 0.523204 0.812851 0.838456 0.252495 0.220314 0.557658 0.893542 0.956654 0.286696 0.646848 0.106612 0.717045 0.745099 0.665825 0.655564 0.544725 0.124594 0.401907 0.431029 0.620203 0.028175 0.359238 0.130668 0.290919 0.937952 0.548306 0.255789 0.079860 0.584016 0.860743 0.092666 0.107220 0.673593 0.931122 0.359715 0.893908 0.488781 0.253257 0.850562 0.775476 0.900105 0.957174 0.492521 0.645204 0.622999 0.148085 0.189929 0.747593 0.549992 0.620958 0.367796 0.578166 0.980196 
0.498465 0.869085 0.918148 0.046770 0.124874 0.998008 0.630787 0.985616 0.090675 0.738007 0.659210 0.021797 0.097722 0.553118 0.510578 0.350979 0.403679 0.286054 0.251084 0.360853 0.778575 0.896288 0.983852 0.926660 0.086217 0.731445 0.476652 0.707175 0.099241 0.054818 0.687371 0.597705 0.923903 0.605519 0.644476 0.048777 0.603528 0.275262 0.034393 0.694203 0.013269 0.693603 0.716000 0.110991 0.246721 0.226578 0.461971 0.650400 0.512632 0.713055 0.011253 0.291207 0.609343 0.995105 0.217867 0.695560 0.726550 0.694519 0.402735 0.825791 0.749337 0.090106 0.423496 0.673240 
0.695625 0.067972 0.722017 0.299153 0.343234 0.756410 0.993356 0.356503 0.450013 0.709356 0.467494 0.696734 0.935933 0.929465 0.347134 0.448565 0.642520 0.358387 0.739772 0.251863 0.353493 0.957639 0.947423 0.080043 0.652158 0.350158 0.905833 0.401495 0.440264 0.329329 0.074735 0.135889 0.397301 0.796752 0.435043 0.740535 0.553162 0.428398 0.097038 0.003176 0.137754 0.564532 0.699910 0.073687 0.493997 0.047044 0.522252 0.136517 0.405431 0.262023 0.388380 0.758923 0.219662 0.335803 0.838966 0.871820 0.685961 0.744799 0.273315 0.126225 0.074128 0.348050 0.262114 0.471429 
0.144802 0.697157 0.211964 0.697964 0.125555 0.309001 0.701140 0.263309 0.873533 0.401050 0.336996 0.367530 0.448093 0.859248 0.504047 0.853524 0.121271 0.892427 0.612448 0.340933 0.228230 0.451414 0.212753 0.914191 0.196213 0.486068 0.040416 0.270341 0.834118 0.302530 0.741770 0.978920 0.999687 0.953734 0.676884 0.125242 0.262735 0.378024 0.388551 0.136268 0.779074 0.725547 0.503799 0.227167 0.584795 0.007846 0.080692 0.706066 0.900273 0.693139 0.046999 0.128503 0.144553 0.259752 0.042694 0.340766 0.745821 0.083110 0.611107 0.579938 0.385641 0.352877 0.558858 0.385328 
0.306611 0.235743 0.510570 0.569347 0.613767 0.899120 0.705615 0.392841 0.624667 0.209414 0.620009 0.209462 0.217260 0.700700 0.915528 0.117533 0.393840 0.962527 0.246036 0.538393 0.222279 0.288730 0.879158 0.968100 0.371841 0.490265 0.548038 0.757481 0.843143 0.106897 0.142809 0.149754 0.342640 0.653378 0.719101 0.956407 0.552499 0.424716 0.349248 0.177166 0.634129 0.969257 0.386628 0.851389 0.669958 0.302156 0.968922 0.063797 0.264683 0.214958 0.602190 0.486962 0.503688 0.481348 0.455062 0.875529 0.971613 0.003100 0.633010 0.814756 0.109997 0.775819 0.964510 0.452637 
0.429198 0.683611 0.409044 0.981697 0.108327 0.758292 0.158863 0.742457 0.727549 0.545491 0.593846 0.397507 0.847647 0.562767 0.461304 0.112329 0.777725 0.063494 0.599292 0.281413 0.544842 0.054353 0.156942 0.516455 0.057454 0.789952 0.331211 0.167451 0.565772 0.295722 0.620088 0.994969 0.979333 0.029131 0.976666 0.087660 0.787423 0.135529 0.830117 0.514972 0.681020 0.423962 0.912479 0.528666 0.986729 0.373782 0.640996 0.764454 0.437276 0.240287 0.045868 0.982118 0.294641 0.202810 0.498573 0.352095 0.992762 0.829784 0.519545 0.558534 0.125506 0.139633 0.553503 0.104839 
0.168764 0.530169 0.192499 0.956187 0.665698 0.022615 0.471159 0.346718 0.446577 0.383637 0.875385 0.433307 0.757420 0.516380 0.197761 0.194696 0.756668 0.243629 0.176814 0.051309 0.446439 0.675386 0.403403 0.439201 0.505171 0.922948 0.997735 0.630676 0.062581 0.551238 0.735515 0.231345 0.081407 0.928014 0.187532 0.747105 0.950629 0.658691 0.093824 0.397207 0.042328 0.969208 0.830513 0.799748 0.485589 0.028275 0.994444 0.242256 0.271904 0.171258 0.293565 0.718343 0.846644 0.696968 0.157543 0.351815 0.619916 0.155278 0.982491 0.682498 0.706516 0.718006 0.913843 0.787923 
0.646020 0.101375 0.535028 0.596649 0.760066 0.628852 0.993856 0.802395 0.598060 0.824369 0.602143 0.083648 0.852644 0.596587 0.325905 0.124548 0.767845 0.619470 0.842890 0.614489 0.316438 0.000434 0.966304 0.936354 0.155711 0.948796 0.618852 0.862227 0.666802 0.532695 0.650150 0.312822 0.634070 0.185178 0.909471 0.394136 0.814030 0.903327 0.196531 0.412090 0.727696 0.798674 0.495738 0.580340 0.395261 0.821643 0.704888 0.163106 0.441112 0.547778 0.777596 0.757550 0.548212 0.743900 0.693904 0.703923 0.692696 0.312756 0.566150 0.359498 0.845451 0.216300 0.672320 0.479521 
0.401478 0.581791 0.873657 0.215508 0.485118 0.070188 0.627598 0.212814 0.868862 0.123336 0.793154 0.264123 0.944979 0.498042 0.427229 0.386091 0.045821 0.204824 0.143641 0.594032 0.948724 0.837546 0.297956 0.641420 0.150302 0.864106 0.000918 0.995753 0.080406 0.673238 0.475274 0.481885 0.255029 0.348932 0.697393 0.740147 0.419120 0.324991 0.952962 0.287981 0.448327 0.746116 0.552104 0.393306 0.244159 0.979333 0.779397 0.289979 0.184157 0.923038 0.884012 0.132881 0.760584 0.181967 0.774302 0.910886 0.046073 0.775220 0.906639 0.126480 0.448457 0.381913 0.608364 0.703487 
0.730845 0.305757 0.443634 0.149964 0.630748 0.396596 0.437946 0.079075 0.142712 0.990050 0.472381 0.386871 0.969382 0.251778 0.676850 0.153539 0.174816 0.560862 0.286421 0.935400 0.742829 0.060723 0.846286 0.788902 0.835942 0.752925 0.915381 0.284399 0.134838 0.523746 0.987886 0.865683 0.829503 0.431520 0.015647 0.460251 0.828116 0.453593 0.539326 0.970828 0.443643 0.011707 0.357699 0.413025 0.263485 0.034549 0.566564 0.438302 0.595411 0.852985 0.373702 0.338239 0.913708 0.219988 0.127141 0.749650 0.972913 0.042523 0.034049 0.107751 0.566268 0.021935 0.973434 0.395771 
0.453455 0.989082 0.856022 0.281571 0.442675 0.395348 0.252400 0.886317 0.407056 0.610099 0.299342 0.670541 0.644648 0.865906 0.108843 0.240059 0.718892 0.482544 0.578298 0.632600 0.702532 0.705440 0.382250 0.675446 0.747962 0.416299 0.783197 0.314230 0.438234 0.756631 0.710001 0.891689 0.745713 0.566023 0.173260 0.188388 0.961372 0.425660 0.074705 0.368427 0.035759 0.374047 0.038968 0.680407 0.239953 0.147811 0.920466 0.958845 0.630355 0.498764 0.591445 0.332888 0.204203 0.973694 0.008333 0.952166 0.389993 0.791530 0.266396 0.828227 0.548162 0.976397 0.719916 0.293875 
0.542421 0.893176 0.482262 0.503792 0.318836 0.556967 0.872220 0.354595 0.931014 0.911188 0.035002 0.170968 0.058999 0.955467 0.129813 0.689354 0.454231 0.721258 0.022242 0.658435 0.694952 0.030575 0.610600 0.084945 0.822105 0.876996 0.913172 0.370267 0.853393 0.633088 0.664141 0.395814 0.526264 0.146404 0.899606 0.845101 0.703371 0.771826 0.199696 0.634385 0.683014 0.234697 0.805353 0.742013 0.190165 0.935165 0.431367 0.644396 0.656423 0.453609 0.302830 0.351375 0.484184 0.913431 0.436320 0.306289 0.790427 0.349492 0.676556 0.643820 0.982580 0.340697 0.039634 0.508844 
0.487101 0.939241 0.353945 0.190472 0.711067 0.553641 0.824857 0.394081 0.788338 0.630209 0.136094 0.978503 0.565375 0.567461 0.622899 0.221798 0.021069 0.925729 0.573173 0.505253 0.839160 0.009493 0.811542 0.629586 0.358985 0.488097 0.273407 0.341565 0.828794 0.313041 0.850409 0.315895 0.252281 0.204354 0.506366 0.963348 0.757995 0.331223 0.357429 0.546333 0.961432 0.493523 0.524836 0.526807 0.060983 0.147734 0.748605 0.082052 0.073463 0.321778 0.587305 0.912623 0.331271 0.398847 0.542210 0.690256 0.886944 0.815616 0.031820 0.715738 0.128657 0.882229 0.031633 0.380939 
0.086583 0.537999 0.344287 0.844578 0.869222 0.701716 0.390910 0.830654 0.195238 0.915746 0.357462 0.256221 0.063480 0.106067 0.338273 0.136944 0.427845 0.925578 0.049567 0.759116 0.324425 0.591776 0.449372 0.211369 0.407393 0.481192 0.927107 0.536050 0.363421 0.958739 0.916988 0.450004 0.496738 0.261275 0.294582 0.365960 0.962990 0.685492 0.196614 0.158228 0.601238 0.554076 0.414450 0.664718 0.660143 0.752723 0.801662 0.087988 0.678301 0.851228 0.847104 0.002726 0.443005 0.296476 0.214095 0.850397 0.777668 0.141202 0.386447 0.141090 0.099942 0.303435 0.591094 0.596680 
0.564710 0.885676 0.962640 0.527701 0.571168 0.159254 0.685929 0.172406 0.713330 0.100379 0.837124 0.373472 0.853102 0.638786 0.461460 0.531403 0.490014 0.308564 0.534129 0.933019 0.605040 0.748225 0.783416 0.382708 0.889427 0.169863 0.523798 0.989368 0.473298 0.114892 0.586048 0.038008 0.000568 0.548688 0.565709 0.571736 0.707942 0.251638 0.744142 0.421272 0.352017 0.581266 0.794744 0.205119 0.220052 0.256204 0.736522 0.710066 0.564768 0.270651 0.643084 0.169808 0.018876 0.426500 0.552516 0.908303 0.596363 0.076314 0.897671 0.069661 0.191206 0.483720 0.107669 0.191773 
0.032408 0.673379 0.763509 0.740350 0.925017 0.507651 0.161621 0.277034 0.088917 0.956366 0.482153 0.308968 0.212570 0.218675 0.019034 0.777338 0.489326 0.662118 0.947147 0.508202 0.088618 0.499663 0.416505 0.684981 0.575977 0.314176 0.754642 0.767183 0.797896 0.862311 0.958956 0.830304 0.535690 0.722465 0.570653 0.460707 0.230116 0.732275 0.737741 0.319032 0.688641 0.219894 0.628001 0.901211 0.438569 0.647035 0.678549 0.927895 0.309153 0.625696 0.436097 0.397771 0.125359 0.852602 0.082752 0.701336 0.166778 0.837394 0.468519 0.964674 0.699705 0.427475 0.794978 0.235395 
0.149940 0.365631 0.696103 0.380056 0.097906 0.433844 0.699088 0.786547 0.653738 0.327088 0.687758 0.092307 0.974123 0.366307 0.020202 0.283276 0.992003 0.456299 0.681047 0.117362 0.308901 0.763799 0.818698 0.475679 0.601193 0.287217 0.440354 0.300898 0.714692 0.235331 0.536294 0.864632 0.600963 0.232396 0.244688 0.698869 0.666240 0.943776 0.485416 0.319978 0.270864 0.173174 0.412286 0.244987 0.539480 0.432488 0.528263 0.531483 0.888787 0.209310 0.648845 0.197689 0.973109 0.467543 0.673368 0.574302 0.754760 0.113722 0.875200 0.469453 0.349053 0.411494 0.334085 0.950016 
0.643890 0.578773 0.648885 0.310131 0.522548 0.134301 0.630109 0.793413 0.307475 0.042395 0.038400 0.846955 0.474883 0.566664 0.378438 0.363670 0.775974 0.027283 0.561359 0.749083 0.494826 0.234727 0.323386 0.249586 0.348448 0.198586 0.719038 0.697501 0.610080 0.053123 0.647517 0.253971 0.631896 0.296402 0.564101 0.154444 0.430702 0.194210 0.947857 0.738177 0.236605 0.986257 0.585132 0.711487 0.552921 0.963570 0.075157 0.328895 0.990853 0.636516 0.077978 0.485678 0.871243 0.401364 0.735264 0.219691 0.599950 0.454302 0.917192 0.210030 0.507425 0.564709 0.464000 0.139321 
0.861111 0.028101 0.293765 0.291813 0.222311 0.241622 0.029990 0.458916 0.227879 0.615122 0.170403 0.780800 0.578692 0.245561 0.109694 0.569545 0.882077 0.187672 0.055223 0.753319 0.589036 0.790487 0.973010 0.188986 0.244789 0.890203 0.399015 0.752213 0.454912 0.863016 0.891534 0.316022 0.891117 0.185299 0.607835 0.113429 0.426921 0.637825 0.572345 0.654801 0.252947 0.742748 0.435600 0.831640 0.988308 0.545295 0.401184 0.870385 0.732967 0.456407 0.623704 0.322003 0.246894 0.596715 0.510988 0.491683 0.486917 0.910004 0.243896 0.941829 0.773020 0.135430 0.257851 0.664137 
0.320730 0.865686 0.777566 0.747651 0.503512 0.349911 0.402452 0.756459 0.092658 0.838052 0.588099 0.080967 0.383347 0.989283 0.951352 0.116314 0.445690 0.575056 0.438316 0.692584 0.171771 0.949305 0.184267 0.658689 0.859309 0.428163 0.600518 0.632329 0.563593 0.858369 0.296466 0.884323 0.724055 0.074032 0.631974 0.227567 0.423942 0.034425 0.984026 0.516601 0.872477 0.572125 0.597568 0.255824 0.561408 0.548919 0.372137 0.007098 0.123976 0.810454 0.699682 0.295747 0.759759 0.883949 0.954436 0.619068 0.312112 0.554954 0.251396 0.875705 0.413323 0.547862 0.760028 0.137378 
0.621894 0.392002 0.364945 0.045836 0.426427 0.348971 0.562437 0.298904 0.921095 0.160004 0.554728 0.482503 0.708924 0.926866 0.489601 0.832900 0.737320 0.189283 0.128647 0.497078 0.073232 0.083083 0.116146 0.385344 0.638036 0.367542 0.261050 0.051359 0.915404 0.021078 0.188737 0.537298 0.413080 0.553682 0.583134 0.839507 0.902653 0.145570 0.138412 0.823749 0.305574 0.693140 0.306252 0.014498 0.620006 0.795852 0.847398 0.357325 0.985136 0.976044 0.854403 0.058368 0.059127 0.970549 0.443712 0.697163 0.338091 0.704762 0.748523 0.253496 0.725840 0.937260 0.790793 0.138920 
0.490942 0.373927 0.978427 0.393595 0.519497 0.116839 0.217344 0.825072 0.809979 0.523596 0.839570 0.429985 0.319448 0.686967 0.787310 0.304584 0.663012 0.641713 0.362951 0.722139 0.612262 0.806664 0.419302 0.950354 0.511426 0.167825 0.203849 0.237266 0.105085 0.994643 0.376186 0.596027 0.368570 0.354613 0.989623 0.888067 0.471452 0.206967 0.713139 0.281431 0.730562 0.552708 0.711416 0.050010 0.239676 0.498726 0.354594 0.902687 0.140439 0.717545 0.624826 0.752701 0.524209 0.044128 0.703055 0.035635 0.211952 0.906905 0.272901 0.317037 0.901547 0.649086 0.913064 0.270117 
0.003700 0.902687 0.158184 0.475152 0.109654 0.871323 0.756583 0.840216 0.424031 0.467999 0.890226 0.663707 0.966724 0.244820 0.566394 0.107163 0.962366 0.191220 0.859864 0.486575 0.235347 0.562919 0.522210 0.447300 0.469824 0.795110 0.764337 0.371371 0.444197 0.677401 0.641488 0.447896 0.580088 0.799672 0.923048 0.689742 0.670995 0.679631 0.529958 0.095026 0.147630 0.420184 0.758733 0.114354 0.665004 0.325127 0.221517 0.627369 0.516347 0.081382 0.113944 0.751694 0.644301 0.636154 0.198994 0.114125 0.431264 0.963331 0.485496 0.875460 0.640732 0.126984 0.323357 0.220821 
0.926656 0.246405 0.910562 0.597651 0.926036 0.440520 0.692677 0.073666 0.860704 0.451410 0.188020 0.525707 0.776537 0.409538 0.153077 0.292884 0.490920 0.267021 0.044578 0.135221 0.903174 0.243572 0.249346 0.334438 0.206903 0.734842 0.209898 0.847636 0.861826 0.533255 0.068456 0.788482 0.779660 0.979019 0.386134 0.705696 0.419539 0.078811 0.779362 0.280242 0.530221 0.967382 0.805949 0.306758 0.376920 0.959026 0.599642 0.867840 0.226047 0.644220 0.003060 0.129221 0.887792 0.252406 0.463659 0.094695 0.987248 0.673557 0.942331 0.849074 0.206812 0.010787 0.637556 0.986472 
0.989806 0.023690 0.692168 0.409344 0.102501 0.471530 0.689586 0.632722 0.438913 0.495536 0.939480 0.815833 0.454562 0.539122 0.683673 0.680608 0.183342 0.686733 0.809829 0.071134 0.939139 0.273488 0.165829 0.926387 0.947044 0.108160 0.775461 0.153856 0.118947 0.413017 0.140328 0.108752 0.436707 0.832497 0.518097 0.539208 0.304027 0.207683 0.171930 0.742940 0.703219 0.111410 0.558772 0.157781 0.650531 0.242445 0.838389 0.833873 0.929178 0.648218 0.905007 0.868317 0.921706 0.070836 0.794704 0.868750 0.178995 0.570165 0.022607 0.297942 0.983182 0.162935 0.406694 0.419889 
0.995432 0.924791 0.959097 0.299459 0.132474 0.131027 0.042398 0.835692 0.242437 0.601170 0.993473 0.892968 0.843616 0.831862 0.726842 0.772794 0.480080 0.631849 0.641111 0.401786 0.702684 0.435815 0.270536 0.881680 0.005980 0.293143 0.179622 0.989163 0.456078 0.586316 0.409052 0.451510 0.511107 0.368149 0.750968 0.643581 0.499177 0.793366 0.479273 0.741614 0.394537 0.472746 0.634582 0.238152 0.304608 0.361424 0.010946 0.784689 0.993273 0.652057 0.186475 0.695957 0.087872 0.457011 0.577637 0.093852 0.750154 0.757259 0.083015 0.206232 0.343575 0.492067 0.657741 0.854682 
0.860216 0.408710 0.498263 0.359393 0.202076 0.977537 0.101007 0.596613 0.450283 0.735589 0.834765 0.754891 0.097013 0.845711 0.539580 0.090286 0.497768 0.726055 0.786243 0.585640 0.183065 0.363879 0.679492 0.933219 0.121138 0.762507 0.139451 0.464713 0.254574 0.797192 0.319395 0.114790 0.205901 0.817659 0.474183 0.407977 0.795195 0.575190 0.004590 0.245478 0.310779 0.839355 0.000370 0.407792 0.685066 0.539950 0.498078 0.182835 0.266004 0.284320 0.768475 0.449070 0.648200 0.447967 0.382289 0.769338 0.210474 0.521739 0.234051 0.465049 0.318931 0.553447 0.579839 0.524832 
0.371105 0.054022 0.932810 0.166301 0.629213 0.937400 0.411779 0.939992 0.776755 0.412148 0.347784 0.461821 0.952098 0.845862 0.644655 0.218102 0.130183 0.413130 0.667172 0.778383 0.861097 0.049461 0.547721 0.071572 0.571200 0.781772 0.536620 0.890131 0.335218 0.116459 0.414964 0.706324 0.170482 0.347773 0.872624 0.799694 0.285173 0.284403 0.739686 0.061927 0.696551 0.087470 0.523748 0.648649 0.933333 0.168403 0.866751 0.063515 0.581534 0.533923 0.841898 0.442631 0.583384 0.389618 0.514203 0.154584 0.171390 0.050823 0.044715 0.506608 0.167282 0.459679 0.212932 0.337764 
0.807452 0.085557 0.137458 0.092624 0.369960 0.877144 0.154552 0.066511 0.964614 0.678300 0.715160 0.897947 0.846703 0.581911 0.961462 0.428237 0.115834 0.803360 0.870868 0.699218 0.192978 0.385070 0.853803 0.364368 0.435893 0.898518 0.870977 0.603176 0.358197 0.083909 0.940940 0.165649 0.169465 0.078398 0.258274 0.539425 0.955542 0.412825 0.605936 0.920156 0.091125 0.321095 0.818103 0.937828 0.903006 0.779565 0.366064 0.018841 0.582925 0.236932 0.718059 0.775903 0.622002 0.571862 0.140272 0.057896 0.470380 0.011248 0.661071 0.828577 0.095157 0.602011 0.994226 0.264623 
0.680408 0.252500 0.804048 0.635950 0.665325 0.409983 0.556107 0.756449 0.731079 0.374210 0.694277 0.634085 0.153775 0.060341 0.652926 0.736700 0.297273 0.370985 0.512604 0.919275 0.942847 0.652876 0.977171 0.413227 0.664124 0.638242 0.241804 0.759281 0.240253 0.236030 0.023904 0.920661 0.488530 0.827951 0.556612 0.153855 0.237934 0.112718 0.910304 0.969013 0.486928 0.604581 0.603098 0.640703 0.664923 0.256024 0.377403 0.962196 0.627009 0.890007 0.881471 0.569856 0.542883 0.858642 0.983082 0.207007 0.496884 0.224886 0.966288 0.737137 0.460917 0.990191 0.657798 0.949447 
0.818142 0.214410 0.103301 0.056077 0.327128 0.013606 0.025090 0.814056 0.618187 0.628188 0.454759 0.283109 0.884211 0.832162 0.245305 0.511220 0.722170 0.126776 0.081075 0.265052 0.985418 0.064158 0.472059 0.482302 0.289044 0.438347 0.219439 0.749961 0.428538 0.877237 0.699408 0.246680 0.091647 0.802709 0.302757 0.418775 0.816315 0.327846 0.232830 0.434502 0.956034 0.687589 0.717611 0.840245 0.519751 0.962917 0.351465 0.241921 0.089693 0.432541 0.506974 0.075111 0.496698 0.979033 0.557413 0.785743 0.417379 0.776852 0.535704 0.845917 0.654089 0.235112 0.092597 0.745736 
0.037821 0.395354 0.164511 0.854136 0.723200 0.397341 0.288638 0.679234 0.084930 0.006249 0.519479 0.604682 0.969166 0.870944 0.846603 0.058859 0.303485 0.353577 0.133970 0.800183 0.332609 0.691383 0.585926 0.749989 0.468235 0.121630 0.595906 0.122324 0.356742 0.688503 0.868060 0.394563 0.083857 0.032571 0.248699 0.807057 0.429912 0.537337 0.486291 0.514842 0.543586 0.005770 0.119524 0.512752 0.876714 0.966127 0.571610 0.180199 0.319704 0.705580 0.980382 0.652313 0.396963 0.566308 0.402301 0.865198 0.687938 0.998208 0.987522 0.044680 0.686711 0.855583 0.439242 0.770568 
0.888153 0.687941 0.577626 0.318065 0.225278 0.063917 0.832908 0.768864 0.069687 0.952432 0.281616 0.946401 0.918559 0.853226 0.126600 0.238262 0.558806 0.106982 0.890575 0.955768 0.673290 0.292877 0.820966 0.361228 0.291084 0.808489 0.405907 0.977795 0.664071 0.845150 0.748363 0.552225 0.533091 0.325989 0.870290 0.758369 0.389906 0.703198 0.527234 0.459593 0.655630 0.808849 0.405994 0.574188 0.662075 0.532594 0.812451 0.220881 0.639576 0.703026 0.176649 0.312866 0.995903 0.997616 0.674094 0.286987 0.806104 0.080001 0.264782 0.470176 0.925151 0.013145 0.022400 0.458242 
0.339134 0.892691 0.216612 0.729039 0.595888 0.743845 0.188632 0.251518 0.552694 0.594626 0.825707 0.214769 0.127220 0.638157 0.435650 0.766797 0.341183 0.612299 0.079663 0.337086 0.609915 0.753757 0.624073 0.416019 0.833759 0.888855 0.886195 0.758910 0.902000 0.908595 0.217152 0.241133 0.801286 0.433763 0.970172 0.397174 0.177608 0.158804 0.648692 0.730303 0.753430 0.474399 0.945072 0.880651 0.112556 0.380722 0.647447 0.453740 0.993021 0.727111 0.790826 0.602936 0.480868 0.414899 0.018955 0.314626 0.303754 0.905150 0.073536 0.205753 0.813745 0.290688 0.446886 0.615031 
0.724451 0.417059 0.012205 0.902059 0.575863 0.660897 0.632362 0.329293 0.135296 0.577434 0.209943 0.247852 0.958156 0.857391 0.701592 0.951177 0.584501 0.492418 0.554113 0.065369 0.907317 0.573068 0.379995 0.211071 0.478218 0.453531 0.416824 0.291963 0.744219 0.863710 0.906993 0.468669 0.280769 0.919198 0.370729 0.856631 0.580095 0.003090 0.185924 0.715391 0.580524 0.395868 0.963244 0.538680 0.253258 0.664836 0.489857 0.837759 0.157254 0.043971 0.903128 0.064572 0.617039 0.283124 0.275642 0.095257 0.736655 0.692466 0.387219 0.480873 0.556176 0.294213 0.949543 0.836945 
0.213411 0.320271 0.693576 0.793506 0.323361 0.879501 0.508897 0.903886 0.275368 0.472141 0.442566 0.528627 0.136977 0.932423 0.366386 0.294231 0.976394 0.269514 0.358803 0.593432 0.552638 0.634445 0.688689 0.289293 0.326911 0.075909 0.770166 0.883087 0.370121 0.719708 0.720032 0.583532 0.039979 0.413609 0.377037 0.363341 0.293109 0.885934 0.267226 0.568478 0.358075 0.709792 0.097105 0.495052 0.642215 0.463491 0.789283 0.618609 0.733005 0.148086 0.212041 0.285643 0.782531 0.900730 0.574936 0.109442 0.976639 0.345101 0.992529 0.346760 0.064810 0.712561 0.930292 0.104789 
0.126170 0.307329 0.468130 0.419280 0.193264 0.735356 0.987757 0.551339 0.445148 0.084862 0.046391 0.087363 0.548353 0.835674 0.705972 0.281358 0.983759 0.918013 0.567001 0.766290 0.818743 0.141937 0.875732 0.795382 0.487038 0.868261 0.142143 0.551848 0.580822 0.072434 0.656637 0.706992 0.379763 0.124766 0.126271 0.573027 0.860122 0.114029 0.124366 0.305271 0.198891 0.170756 0.392634 0.747243 0.006430 0.098606 0.028601 0.990189 0.016619 0.595602 0.756479 0.835362 0.737539 0.632211 0.630745 0.224576 0.500471 0.772887 0.776424 0.081293 0.845321 0.433060 0.788285 0.225085 
0.557827 0.914557 0.798112 0.417949 0.028586 0.922477 0.723220 0.227476 0.093233 0.115853 0.974720 0.099663 0.214459 0.003321 0.089852 0.231078 0.598923 0.846332 0.066440 0.336461 0.478542 0.697184 0.561038 0.979014 0.470071 0.337461 0.060307 0.315393 0.770522 0.848592 0.540477 0.328349 0.763149 0.338589 0.746298 0.791735 0.261066 0.469518 0.019211 0.354300 0.585371 0.993930 0.453963 0.799830 0.997251 0.543815 0.030908 0.596174 0.390147 0.097347 0.932635 0.868689 0.794532 0.493673 0.847703 0.264603 0.831134 0.908010 0.579995 0.601656 0.756603 0.120473 0.930005 0.519752 
