0.595658 0.842158 0.503938 0.157019 0.454067 0.063731 0.957719 0.902206 0.349262 0.159811 0.646780 0.749344 0.655316 0.339568 0.460570 0.807144 0.712155 0.782675 0.252125 0.507743 0.819837 0.468605 0.473799 0.833311 0.178889 0.750679 0.854519 0.711728 0.206683 0.161149 0.833700 0.802341 0.003307 0.337638 0.959360 0.457375 0.401369 0.917080 0.359581 0.750631 0.076890 0.006361 0.499975 0.732207 0.345929 0.960545 0.539351 0.058084 0.743220 0.791476 0.565827 0.563058 0.260082 0.039626 0.396368 0.438971 0.790305 0.250888 0.150699 0.996988 0.412037 0.984399 0.799329 0.415345 
0.322038 0.758690 0.872719 0.723407 0.675769 0.232300 0.474038 0.752659 0.238660 0.974012 0.484866 0.584589 0.934557 0.024217 0.642674 0.677778 0.815693 0.208501 0.240835 0.075775 0.248127 0.637204 0.514746 0.038432 0.888092 0.665444 0.035420 0.300129 0.649844 0.834750 0.715474 0.971881 0.593439 0.588193 0.695288 0.269208 0.820492 0.169326 0.021868 0.059153 0.143339 0.506734 0.643742 0.077896 0.530951 0.286416 0.755673 0.346644 0.494917 0.996509 0.422419 0.743044 0.633713 0.937165 0.781476 0.521804 0.602609 0.816896 0.821933 0.252453 0.651646 0.537407 0.224334 0.245086 
0.125600 0.919622 0.514294 0.946092 0.088948 0.536162 0.005245 0.232287 0.042896 0.648987 0.310182 0.573847 0.935403 0.065856 0.920491 0.430320 0.062365 0.342910 0.173364 0.696077 0.280074 0.954840 0.217882 0.882683 0.771736 0.039815 0.135136 0.423383 0.577222 0.359470 0.668468 0.702822 0.279092 0.182762 0.648914 0.368040 0.718924 0.654159 0.600327 0.761820 0.303146 0.910509 0.335666 0.238549 0.976365 0.256157 0.668869 0.038730 0.599067 0.842233 0.734807 0.879142 0.797073 0.952689 0.761825 0.568809 0.992504 0.896961 0.992191 0.569726 0.256431 0.660659 0.272547 0.535523 
0.843421 0.921461 0.903563 0.562345 0.575620 0.503890 0.324165 0.878766 0.414399 0.659831 0.117315 0.390764 0.915988 0.786183 0.429494 0.515056 0.628416 0.164301 0.394197 0.425489 0.116989 0.156022 0.994297 0.109493 0.052984 0.986489 0.679219 0.309414 0.647148 0.951766 0.844937 0.490570 0.873228 0.748500 0.052915 0.448848 0.252390 0.377079 0.327613 0.666789 0.036911 0.444928 0.057553 0.952899 0.231111 0.487046 0.467955 0.859527 0.651347 0.862152 0.285016 0.768336 0.018174 0.279314 0.877829 0.071158 0.265802 0.557048 0.380572 0.912951 0.508815 0.225510 0.403520 0.382043 
0.974010 0.456435 0.830890 0.226400 0.833514 0.158504 0.893189 0.870425 0.603432 0.950741 0.823324 0.834543 0.437787 0.291278 0.694071 0.089134 0.153430 0.979087 0.857470 0.171605 0.258400 0.735300 0.242763 0.524203 0.292348 0.623335 0.437153 0.801163 0.848845 0.840674 0.183206 0.822855 0.297108 0.014096 0.049255 0.130623 0.172600 0.942443 0.001047 0.776032 0.893184 0.824371 0.610575 0.330972 0.115650 0.304646 0.420106 0.269080 0.283733 0.277576 0.440685 0.542133 0.012876 0.683447 0.066336 0.305224 0.306782 0.503489 0.106387 0.155627 0.344163 0.289593 0.978482 0.641271 
0.303689 0.027737 0.771894 0.476289 0.970180 0.772941 0.252321 0.863364 0.597313 0.862897 0.194336 0.712962 0.167543 0.614441 0.982042 0.451275 0.892017 0.422727 0.993409 0.904893 0.106174 0.059744 0.210117 0.412957 0.563234 0.316504 0.568584 0.907396 0.606097 0.547066 0.548668 0.909786 0.574803 0.320561 0.386076 0.544983 0.093503 0.638397 0.408347 0.690815 0.501294 0.602683 0.403777 0.668836 0.217124 0.385819 0.120112 0.109142 0.808546 0.113520 0.014035 0.914720 0.173264 0.224151 0.327677 0.736498 0.540655 0.896261 0.643895 0.146752 0.443327 0.192562 0.056539 0.018129 
0.513124 0.442614 0.563112 0.606626 0.081011 0.971459 0.297441 0.582305 0.574142 0.701218 0.251141 0.791267 0.087038 0.371253 0.900408 0.895584 0.484773 0.914443 0.810304 0.658037 0.138594 0.137981 0.394536 0.679249 0.034242 0.038430 0.826002 0.477568 0.230992 0.882540 0.495698 0.744116 0.325154 0.058810 0.350742 0.406166 0.030269 0.648183 0.988471 0.604411 0.349401 0.239612 0.395678 0.436439 0.610865 0.296086 0.332022 0.095638 0.210529 0.142326 0.753675 0.349123 0.280307 0.148211 0.028372 0.314549 0.186641 0.854373 0.792117 0.417633 0.736913 0.287814 0.161749 0.062068 
0.346624 0.512491 0.468233 0.376893 0.160674 0.456704 0.981304 0.510075 0.696316 0.376982 0.946513 0.307181 0.673067 0.278536 0.402818 0.883596 0.420862 0.156494 0.232719 0.701169 0.304704 0.261090 0.015717 0.491345 0.115464 0.807834 0.908978 0.852377 0.095649 0.070727 0.914445 0.442272 0.583218 0.382678 0.819165 0.743891 0.839382 0.800469 0.253966 0.535698 0.177451 0.200479 0.842879 0.850518 0.479015 0.245697 0.734114 0.899877 0.402191 0.966833 0.601046 0.706895 0.227923 0.616763 0.198240 0.343387 0.424597 0.107218 0.195764 0.520246 0.177945 0.110209 0.962518 0.761162 
0.492887 0.781684 0.505053 0.332269 0.582153 0.759019 0.867966 0.759604 0.959498 0.710845 0.610122 0.438513 0.956542 0.344237 0.338390 0.358732 0.311069 0.939436 0.065627 0.538993 0.556199 0.263867 0.882379 0.980796 0.371084 0.078143 0.501042 0.549029 0.188352 0.463560 0.310191 0.681239 0.245244 0.815244 0.013507 0.827397 0.574263 0.881474 0.587001 0.533762 0.592318 0.197123 0.972275 0.548860 0.541359 0.310665 0.907592 0.852429 0.250101 0.973219 0.391421 0.806300 0.237086 0.273801 0.787096 0.608170 0.351944 0.288138 0.157199 0.540296 0.751698 0.467390 0.221535 0.996942 
0.282634 0.235042 0.824338 0.856897 0.116515 0.411339 0.390659 0.708834 0.608462 0.362934 0.257694 0.149821 0.673599 0.165286 0.002250 0.923700 0.138506 0.393671 0.730000 0.375592 0.667472 0.517096 0.983762 0.019416 0.805233 0.140961 0.559712 0.556931 0.608350 0.781247 0.553873 0.890984 0.016289 0.378212 0.747881 0.132804 0.789551 0.138540 0.841638 0.398012 0.501473 0.099332 0.547833 0.175072 0.264619 0.550083 0.098772 0.403124 0.943754 0.828772 0.778716 0.611226 0.345867 0.762478 0.630641 0.151101 0.903439 0.190353 0.708032 0.511789 0.971600 0.261906 0.402773 0.987889 
0.640117 0.150655 0.120693 0.429668 0.289194 0.962331 0.827680 0.790668 0.061663 0.375513 0.965740 0.326282 0.925596 0.064512 0.729406 0.869350 0.893284 0.508122 0.480576 0.239151 0.270600 0.111217 0.390252 0.174039 0.301571 0.098284 0.685829 0.273171 0.360190 0.088602 0.261060 0.000307 0.239257 0.381753 0.429975 0.528451 0.344084 0.257655 0.319119 0.405747 0.633169 0.284859 0.732029 0.558765 0.349371 0.461435 0.428115 0.242655 0.969557 0.908692 0.481806 0.240157 0.019909 0.872058 0.414196 0.321480 0.970342 0.100025 0.594651 0.330532 0.188627 0.855710 0.330839 0.427884 
0.237463 0.760814 0.956335 0.581547 0.018469 0.275453 0.987294 0.651638 0.560312 0.719323 0.210403 0.909683 0.180757 0.638518 0.152337 0.150314 0.547210 0.634143 0.390472 0.567119 0.506201 0.804668 0.888598 0.476543 0.904693 0.483249 0.807075 0.093320 0.338959 0.137914 0.521204 0.576423 0.898729 0.477538 0.157970 0.917198 0.752992 0.145263 0.568835 0.313304 0.864586 0.779238 0.222986 0.045343 0.417756 0.375323 0.195658 0.964966 0.009466 0.586129 0.532085 0.515667 0.390797 0.420683 0.992210 0.295491 0.903932 0.799285 0.388811 0.242892 0.937199 0.910015 0.819314 0.835928 
0.387553 0.977284 0.753126 0.140545 0.122547 0.321961 0.453849 0.987133 0.101199 0.676835 0.032477 0.518956 0.052158 0.228135 0.483922 0.061625 0.814264 0.016007 0.577291 0.205061 0.436690 0.569501 0.500552 0.340622 0.368787 0.889363 0.583514 0.305986 0.799377 0.402829 0.141914 0.186931 0.380112 0.895040 0.327475 0.502660 0.217001 0.781324 0.489793 0.318200 0.458159 0.522270 0.837156 0.510317 0.750405 0.321078 0.571941 0.564669 0.337085 0.149233 0.769730 0.773775 0.718734 0.270282 0.114398 0.087521 0.159645 0.697912 0.393507 0.959022 0.100741 0.535421 0.145953 0.480853 
0.430460 0.473428 0.983513 0.647461 0.254752 0.473306 0.965662 0.712911 0.995576 0.802818 0.223228 0.745981 0.123896 0.795169 0.310650 0.460982 0.944402 0.080380 0.234757 0.663137 0.350662 0.349155 0.750658 0.510307 0.047067 0.144165 0.469329 0.147807 0.679586 0.615282 0.628660 0.110046 0.088710 0.612173 0.757507 0.343463 0.085479 0.723169 0.056374 0.081056 0.525987 0.279602 0.827037 0.649884 0.074771 0.137686 0.110865 0.019173 0.218066 0.345622 0.682310 0.568728 0.694777 0.432968 0.079035 0.741844 0.577133 0.548364 0.889651 0.256718 0.163646 0.518311 0.366764 0.252357 
0.130484 0.124272 0.595819 0.215964 0.847441 0.652193 0.297020 0.373428 0.931794 0.124056 0.023311 0.006565 0.261742 0.134177 0.025739 0.479808 0.479799 0.708049 0.048536 0.174576 0.141017 0.127571 0.916419 0.718149 0.675934 0.806070 0.974867 0.839581 0.324381 0.341632 0.091937 0.454866 0.465903 0.687756 0.670830 0.313344 0.339949 0.967849 0.686772 0.271743 0.091906 0.710083 0.278309 0.353648 0.844260 0.304047 0.833456 0.324058 0.012096 0.881992 0.498634 0.153113 0.009563 0.415053 0.871262 0.685497 0.221123 0.846130 0.525078 0.545504 0.187761 0.617015 0.000370 0.653664 
0.304771 0.671199 0.967008 0.644720 0.639049 0.653780 0.916464 0.730954 0.363863 0.194773 0.084602 0.208123 0.498820 0.918058 0.532182 0.510916 0.800051 0.030816 0.664029 0.809614 0.445869 0.535291 0.495111 0.666992 0.381421 0.020189 0.212496 0.569182 0.637204 0.212866 0.222847 0.941975 0.884065 0.189855 0.586695 0.523113 0.843635 0.503159 0.254068 0.207498 0.697932 0.338670 0.415622 0.196752 0.256728 0.947803 0.707668 0.056778 0.978619 0.371697 0.866392 0.424488 0.906988 0.361503 0.091479 0.288409 0.381692 0.303975 0.857591 0.018895 0.516841 0.080438 0.960871 0.400906 
0.270293 0.547566 0.924019 0.113928 0.050725 0.178087 0.321426 0.748657 0.516756 0.737048 0.945408 0.773484 0.684851 0.653076 0.830263 0.663470 0.024773 0.696655 0.087957 0.931761 0.058158 0.179437 0.220170 0.439849 0.483412 0.077761 0.458745 0.000253 0.158199 0.419615 0.401159 0.428492 0.967181 0.325178 0.542419 0.017906 0.503265 0.863845 0.766563 0.020022 0.600893 0.711971 0.793506 0.285744 0.365048 0.623769 0.949214 0.389821 0.320424 0.037171 0.321582 0.378581 0.216608 0.541753 0.818431 0.700020 0.619514 0.277176 0.700273 0.777713 0.696791 0.101432 0.206205 0.663972 
0.426610 0.748624 0.681879 0.929875 0.612470 0.448441 0.949897 0.213363 0.160413 0.743403 0.499106 0.525460 0.367172 0.448320 0.915282 0.687595 0.485491 0.236864 0.066177 0.702098 0.778617 0.884608 0.402118 0.398131 0.161784 0.102391 0.175845 0.858575 0.203822 0.382050 0.522547 0.630432 0.130674 0.204426 0.560307 0.743144 0.652867 0.510204 0.956506 0.813280 0.253607 0.455613 0.338740 0.620779 0.903933 0.254022 0.308374 0.389424 0.490886 0.374551 0.091522 0.269503 0.259159 0.493640 0.667634 0.420943 0.596031 0.843479 0.279517 0.799853 0.225529 0.802065 0.430285 0.356203 
0.006490 0.990592 0.099346 0.659358 0.500796 0.055853 0.472638 0.754403 0.511465 0.811378 0.375182 0.415398 0.065400 0.683556 0.804822 0.556286 0.058107 0.896344 0.825789 0.317266 0.389984 0.493423 0.738208 0.986014 0.336902 0.017726 0.785867 0.562431 0.819790 0.216152 0.918633 0.826281 0.206745 0.017980 0.485639 0.707541 0.073832 0.958276 0.461944 0.585298 0.769655 0.837126 0.000696 0.835055 0.520682 0.805518 0.391341 0.578789 0.701862 0.217130 0.896054 0.091846 0.710553 0.634263 0.077860 0.047455 0.651989 0.863728 0.609886 0.471779 0.079880 0.528520 0.298060 0.286625 
0.546499 0.783699 0.994166 0.620332 0.741975 0.456110 0.205630 0.511629 0.293236 0.206326 0.346684 0.813918 0.011844 0.738025 0.392707 0.713706 0.955155 0.288761 0.805552 0.665709 0.923024 0.883413 0.713164 0.575012 0.747140 0.323050 0.046791 0.827020 0.851570 0.344851 0.113645 0.398069 0.128550 0.107811 0.018401 0.870525 0.563921 0.224030 0.382154 0.857157 0.430357 0.728839 0.671075 0.442201 0.466864 0.063781 0.155907 0.422019 0.352542 0.961459 0.087728 0.275566 0.844872 0.800892 0.850578 0.592012 0.123942 0.897370 0.419033 0.975512 0.242221 0.532678 0.373581 0.370771 
0.640489 0.391981 0.241296 0.204410 0.616012 0.623451 0.061566 0.046368 0.352289 0.732641 0.488569 0.819153 0.796422 0.644476 0.241172 0.148964 0.605936 0.328900 0.424530 0.450808 0.129792 0.275109 0.042820 0.253734 0.172478 0.461852 0.229246 0.414699 0.994530 0.602827 0.785471 0.635019 0.994808 0.026767 0.839428 0.610820 0.650217 0.900995 0.657189 0.002507 0.633636 0.145758 0.821660 0.430058 0.790234 0.062832 0.579023 0.396170 0.391732 0.003553 0.846977 0.521524 0.278662 0.889797 0.775259 0.451140 0.351649 0.004505 0.865840 0.346179 0.607332 0.651310 0.981198 0.602140 
0.678077 0.820627 0.212960 0.328294 0.721622 0.870148 0.330801 0.355258 0.015906 0.152461 0.785316 0.806140 0.215293 0.364339 0.202310 0.607025 0.367893 0.049287 0.128549 0.646555 0.939084 0.903808 0.097695 0.290733 0.908313 0.963535 0.636912 0.515644 0.614845 0.618111 0.117784 0.292922 0.438738 0.330744 0.621216 0.160359 0.200892 0.952017 0.515617 0.216798 0.104478 0.300934 0.022938 0.319771 0.665273 0.225248 0.926796 0.033166 0.274534 0.055345 0.679721 0.213618 0.959153 0.777416 0.504351 0.867466 0.740951 0.141263 0.383110 0.355796 0.759374 0.500894 0.648719 0.198111 
0.831638 0.269935 0.358471 0.032530 0.221952 0.874088 0.249328 0.326430 0.175022 0.272266 0.646201 0.840296 0.497514 0.572996 0.873462 0.772048 0.628341 0.553183 0.985666 0.587494 0.330599 0.490017 0.454960 0.071550 0.631280 0.838070 0.427347 0.390654 0.338965 0.076065 0.588765 0.170603 0.346000 0.947236 0.203133 0.567953 0.821324 0.452461 0.894383 0.996346 0.724727 0.540584 0.836642 0.222241 0.113580 0.710104 0.994290 0.741921 0.263287 0.979956 0.329415 0.593885 0.469973 0.784376 0.665436 0.101253 0.622446 0.092782 0.491907 0.961411 0.168847 0.080672 0.132013 0.514848 
0.027908 0.335146 0.082800 0.849232 0.787607 0.977183 0.845578 0.512334 0.517767 0.682220 0.734576 0.631346 0.392324 0.728865 0.373267 0.655611 0.708821 0.702683 0.249496 0.178794 0.487058 0.914932 0.280047 0.109504 0.007714 0.771953 0.070915 0.176561 0.852625 0.202928 0.691409 0.880533 0.538074 0.774209 0.729764 0.325681 0.751392 0.575343 0.838016 0.269159 0.257563 0.572591 0.900505 0.649887 0.301456 0.273773 0.305498 0.010277 0.976455 0.554994 0.189071 0.463514 0.469926 0.469118 0.573018 0.477640 0.241071 0.643933 0.654201 0.093696 0.846862 0.345609 0.974228 0.384936 
0.119818 0.703993 0.710618 0.871210 0.279335 0.548633 0.140369 0.536899 0.121224 0.040874 0.186786 0.422681 0.314647 0.492284 0.432958 0.291102 0.047278 0.622029 0.754616 0.517204 0.091146 0.327634 0.994843 0.332217 0.971567 0.649044 0.425913 0.818429 0.994654 0.400141 0.203365 0.114472 0.104133 0.913983 0.985682 0.383469 0.462616 0.126051 0.920367 0.583840 0.166925 0.107153 0.006521 0.481572 0.599437 0.439479 0.772674 0.646715 0.061507 0.527290 0.163919 0.152654 0.854924 0.158762 0.484871 0.826491 0.807807 0.910783 0.644920 0.802460 0.310924 0.848286 0.916932 0.415057 
0.762269 0.902615 0.798526 0.224885 0.028666 0.718893 0.808726 0.195592 0.826046 0.815247 0.677164 0.425483 0.254725 0.449838 0.072198 0.316233 0.977127 0.236117 0.468886 0.832051 0.394880 0.953757 0.658542 0.202686 0.864540 0.303462 0.005147 0.175464 0.151748 0.922079 0.590521 0.914017 0.824694 0.389047 0.138902 0.853360 0.107940 0.947628 0.048951 0.933986 0.762874 0.726115 0.359469 0.017599 0.175952 0.431668 0.333832 0.153079 0.667785 0.802718 0.985130 0.062665 0.756475 0.643672 0.265351 0.621015 0.947134 0.270498 0.796479 0.098883 0.192577 0.387000 0.012900 0.017270 
0.776047 0.151802 0.870630 0.883987 0.099429 0.919581 0.817973 0.862303 0.645695 0.177442 0.879903 0.821648 0.609110 0.213735 0.974727 0.276895 0.016453 0.959857 0.339560 0.772928 0.603529 0.604911 0.393944 0.550664 0.875408 0.190423 0.649546 0.067985 0.577423 0.662446 0.085255 0.353470 0.814247 0.955885 0.237457 0.913677 0.875465 0.055429 0.775980 0.521161 0.232872 0.655883 0.342808 0.841982 0.869618 0.317535 0.118877 0.886071 0.277392 0.458436 0.658999 0.880921 0.063347 0.052943 0.431585 0.938755 0.243366 0.081131 0.006740 0.820788 0.743577 0.091995 0.174258 0.557824 
0.047880 0.411715 0.471501 0.923345 0.467144 0.247480 0.444506 0.700016 0.903363 0.787314 0.541998 0.772981 0.104849 0.660874 0.659052 0.382241 0.119310 0.318051 0.263163 0.182657 0.370994 0.694748 0.121413 0.614359 0.775879 0.128153 0.435148 0.519455 0.220148 0.609406 0.077279 0.268028 0.021121 0.548780 0.191373 0.488265 0.796260 0.635879 0.188281 0.699624 0.423193 0.730278 0.472605 0.528042 0.391153 0.131656 0.910283 0.510463 0.449707 0.173445 0.693120 0.820701 0.868193 0.814532 0.435061 0.644072 0.942685 0.870208 0.163527 0.162833 0.479614 0.240806 0.430861 0.500735 
0.789586 0.622235 0.989000 0.585847 0.258113 0.177281 0.285471 0.681306 0.907559 0.758075 0.209348 0.298712 0.889732 0.119631 0.809175 0.339439 0.293076 0.502295 0.160140 0.161269 0.316827 0.595201 0.805341 0.259512 0.465409 0.968868 0.422346 0.945023 0.209674 0.853207 0.445758 0.999260 0.475442 0.434758 0.585107 0.733555 0.612039 0.870578 0.414861 0.519598 0.628653 0.624209 0.818310 0.518385 0.743840 0.627485 0.857824 0.036916 0.129779 0.017964 0.198185 0.446606 0.613165 0.003526 0.706119 0.078574 0.972393 0.128464 0.023597 0.182067 0.981671 0.469355 0.181328 0.457113 
0.904114 0.766435 0.190668 0.516153 0.637013 0.605529 0.035751 0.265667 0.229738 0.854061 0.784052 0.973578 0.481545 0.641876 0.010494 0.611324 0.659840 0.208679 0.057931 0.273005 0.212205 0.764049 0.351579 0.184598 0.892514 0.375176 0.366665 0.874185 0.844531 0.547993 0.331298 0.748645 0.314428 0.521966 0.264797 0.951442 0.127495 0.300548 0.217108 0.357233 0.154609 0.001160 0.330812 0.636154 0.643036 0.341306 0.247478 0.302876 0.549985 0.305409 0.575881 0.762190 0.069458 0.927459 0.946788 0.961972 0.302635 0.313454 0.836157 0.147166 0.861447 0.167455 0.895811 0.175875 
0.689421 0.160608 0.127317 0.816916 0.461156 0.344425 0.174150 0.615764 0.345585 0.504961 0.251918 0.988621 0.846267 0.499396 0.291497 0.396252 0.804805 0.867378 0.158442 0.874264 0.794837 0.105230 0.836235 0.097472 0.418683 0.672392 0.244638 0.280130 0.839847 0.140448 0.456005 0.529268 0.301056 0.583322 0.346185 0.762212 0.927747 0.520334 0.377976 0.273332 0.025296 0.629894 0.261953 0.871563 0.129290 0.553451 0.267814 0.934096 0.420828 0.426256 0.808359 0.215665 0.531486 0.644595 0.313137 0.950169 0.316987 0.557775 0.230299 0.156834 0.698223 0.686305 0.686103 0.999280 
0.269626 0.032287 0.761492 0.197374 0.552621 0.139468 0.470706 0.577917 0.769362 0.732659 0.449480 0.898652 0.286110 0.717294 0.832748 0.706938 0.143550 0.641107 0.922603 0.675036 0.285702 0.235740 0.625205 0.602689 0.793515 0.855505 0.759523 0.491738 0.541809 0.445626 0.491018 0.811436 0.477913 0.252510 0.008809 0.030535 0.391977 0.479515 0.608452 0.161339 0.212174 0.057931 0.059992 0.498284 0.775225 0.892740 0.205222 0.918775 0.533848 0.127826 0.593811 0.819550 0.363566 0.219017 0.422239 0.157081 0.074521 0.181762 0.648820 0.616331 0.627388 0.139838 0.427766 0.105302 
0.392347 0.436576 0.135836 0.784325 0.916091 0.744288 0.945664 0.128265 0.802220 0.005656 0.626549 0.577445 0.898396 0.831772 0.496220 0.432244 0.959598 0.090032 0.251793 0.323164 0.309048 0.674032 0.480245 0.383570 0.855794 0.129064 0.999900 0.483183 0.268902 0.427667 0.588484 0.661249 0.864242 0.724321 0.445574 0.780333 0.468609 0.391238 0.908598 0.270829 0.396894 0.535147 0.848274 0.295290 0.366919 0.344494 0.727534 0.326517 0.434525 0.979327 0.649680 0.743574 0.653359 0.129925 0.127143 0.509153 0.258990 0.127044 0.992336 0.527892 0.554710 0.580820 0.189141 0.418952 
0.305141 0.634715 0.199285 0.773750 0.025953 0.107883 0.044579 0.422847 0.643030 0.892852 0.718138 0.009949 0.237346 0.445672 0.336466 0.671872 0.424999 0.986147 0.415445 0.078358 0.116072 0.542589 0.587511 0.375062 0.669632 0.579847 0.902953 0.224342 0.160667 0.092094 0.643295 0.465809 0.726810 0.842580 0.239559 0.752763 0.950463 0.284138 0.175610 0.593493 0.176990 0.893748 0.603442 0.414336 0.339420 0.939909 0.086208 0.764418 0.926055 0.501653 0.842776 0.042127 0.044241 0.430287 0.417189 0.713874 0.010134 0.320142 0.938216 0.170801 0.412237 0.581511 0.636610 0.139046 
0.424090 0.876169 0.891809 0.374553 0.160306 0.067419 0.968046 0.337296 0.961167 0.571488 0.751632 0.300587 0.511397 0.837840 0.065005 0.437452 0.339493 0.907781 0.479579 0.383734 0.338068 0.896768 0.097608 0.348202 0.216910 0.035824 0.519004 0.629147 0.617335 0.155614 0.768193 0.041425 0.031782 0.660002 0.415978 0.192088 0.727421 0.384024 0.529385 0.688588 0.955512 0.281017 0.989175 0.466908 0.118857 0.054181 0.904360 0.458350 0.961962 0.383939 0.842084 0.300030 0.280707 0.939692 0.648233 0.497617 0.975516 0.167236 0.126764 0.592851 0.322850 0.894956 0.634276 0.354632 
0.554958 0.050253 0.546721 0.282379 0.434277 0.076105 0.970967 0.389789 0.357122 0.960143 0.856697 0.475979 0.014324 0.761058 0.934329 0.976286 0.144997 0.776413 0.276316 0.425704 0.716105 0.924549 0.923321 0.691622 0.091785 0.050085 0.284473 0.414635 0.945041 0.918749 0.769268 0.499999 0.969002 0.315988 0.782378 0.403279 0.392093 0.753346 0.793068 0.749215 0.713488 0.649765 0.225194 0.727812 0.410823 0.159523 0.704098 0.555820 0.935936 0.980414 0.981524 0.652042 0.904963 0.904845 0.343664 0.996748 0.954930 0.628136 0.411384 0.899972 0.546885 0.180651 0.399971 0.515887 
0.496640 0.182349 0.919166 0.888733 0.935695 0.712234 0.637949 0.649183 0.361999 0.863143 0.376995 0.772822 0.022666 0.081093 0.328641 0.958602 0.061507 0.310165 0.610644 0.966470 0.215011 0.954307 0.963218 0.169941 0.582444 0.374602 0.069913 0.129329 0.555253 0.469884 0.645216 0.051893 0.652233 0.564382 0.940626 0.587928 0.276616 0.578575 0.237112 0.638615 0.441717 0.614107 0.411436 0.464383 0.695200 0.740078 0.422985 0.756707 0.050243 0.033629 0.723177 0.265254 0.987937 0.686395 0.435196 0.570380 0.060997 0.505109 0.699709 0.616250 0.974993 0.344925 0.668143 0.627226 
0.909306 0.608770 0.215155 0.185922 0.187344 0.452266 0.824537 0.629062 0.066373 0.235973 0.093445 0.761573 0.976051 0.516431 0.518280 0.026294 0.550060 0.241457 0.291549 0.537996 0.927852 0.726744 0.108377 0.988849 0.231853 0.808085 0.605099 0.206846 0.153010 0.273242 0.834072 0.062316 0.882012 0.049227 0.248238 0.069356 0.501493 0.072775 0.698418 0.567866 0.308749 0.791863 0.329438 0.284800 0.308294 0.847718 0.311094 0.858354 0.089175 0.602643 0.396350 0.017026 0.329387 0.504726 0.005875 0.561240 0.312812 0.610974 0.768085 0.465822 0.884217 0.602158 0.528138 0.766229 
0.651384 0.776377 0.835585 0.152877 0.849152 0.534003 0.720743 0.157901 0.325866 0.050181 0.442700 0.634160 0.897899 0.753794 0.492513 0.987074 0.356437 0.888863 0.004100 0.685824 0.393590 0.009976 0.247064 0.706402 0.620950 0.015149 0.172223 0.505166 0.617307 0.700362 0.271395 0.268691 0.476739 0.106980 0.421568 0.325891 0.640983 0.142310 0.483791 0.966849 0.192492 0.926492 0.601009 0.090391 0.680286 0.093522 0.077465 0.036723 0.982385 0.081565 0.722547 0.375975 0.091541 0.969611 0.082376 0.712490 0.984761 0.254600 0.217657 0.602067 0.954962 0.489052 0.870758 0.431700 
0.596031 0.292326 0.757591 0.237014 0.434637 0.241382 0.203863 0.627128 0.167874 0.804872 0.717519 0.848160 0.898394 0.794984 0.884884 0.880779 0.876549 0.607431 0.256754 0.968090 0.577043 0.339130 0.680580 0.561803 0.593730 0.898237 0.163871 0.548692 0.387288 0.034629 0.980392 0.983320 0.326955 0.737983 0.220334 0.761592 0.979365 0.424197 0.388721 0.147240 0.229069 0.106240 0.995400 0.127462 0.901224 0.880284 0.008241 0.777773 0.487715 0.264995 0.745862 0.064758 0.604126 0.426442 0.626561 0.197856 0.324679 0.790431 0.746548 0.711967 0.825061 0.726940 0.695287 0.152016 
0.464923 0.915621 0.913608 0.444289 0.339818 0.302329 0.591528 0.568886 0.408569 0.586928 0.696348 0.309792 0.467212 0.704590 0.087565 0.954927 0.969585 0.833427 0.019685 0.573711 0.259869 0.646245 0.771567 0.584548 0.436677 0.518115 0.296516 0.261737 0.245055 0.991803 0.413753 0.709978 0.907424 0.327362 0.154267 0.247241 0.629691 0.745795 0.816127 0.038259 0.332723 0.512476 0.348052 0.799935 0.217066 0.435617 0.754862 0.186651 0.269044 0.774547 0.760361 0.528913 0.420792 0.531928 0.113462 0.857469 0.050043 0.409978 0.119206 0.295097 0.401781 0.532960 0.005075 0.309204 
0.860321 0.159342 0.556445 0.490012 0.905137 0.372573 0.528271 0.237860 0.885049 0.876323 0.037796 0.102114 0.311940 0.792658 0.288765 0.580984 0.567205 0.049126 0.109898 0.987997 0.581054 0.223360 0.845466 0.631096 0.633337 0.964673 0.926194 0.035118 0.497632 0.931269 0.344322 0.357953 0.090611 0.900768 0.847965 0.995748 0.273340 0.376237 0.233608 0.158389 0.252560 0.271404 0.260503 0.564500 0.064062 0.549267 0.145485 0.631267 0.598393 0.255382 0.619265 0.179447 0.478742 0.464731 0.810543 0.112079 0.429404 0.736737 0.147197 0.927036 0.668006 0.491519 0.284989 0.758617 
0.392287 0.132955 0.754365 0.665627 0.509192 0.987973 0.824016 0.761752 0.259377 0.084519 0.326252 0.323440 0.633786 0.471737 0.954707 0.232179 0.727119 0.573972 0.411626 0.205861 0.038703 0.222170 0.317940 0.468107 0.958907 0.465138 0.395143 0.626912 0.956657 0.680132 0.385529 0.348944 0.813087 0.139893 0.014571 0.322278 0.127866 0.838587 0.084030 0.387244 0.923105 0.410283 0.710683 0.556891 0.882020 0.665391 0.789071 0.609139 0.239363 0.200697 0.815000 0.278066 0.422867 0.132941 0.746172 0.381773 0.598079 0.141315 0.008686 0.554736 0.821447 0.394215 0.903680 0.634533 
0.534108 0.918251 0.956811 0.661975 0.756837 0.040842 0.049218 0.679943 0.451125 0.759902 0.236834 0.333144 0.425292 0.025905 0.942284 0.664655 0.226602 0.757284 0.942720 0.649469 0.890225 0.688893 0.031242 0.488304 0.830207 0.039928 0.043039 0.651654 0.434143 0.946719 0.286187 0.968251 0.864969 0.242999 0.630225 0.621807 0.283841 0.679444 0.301749 0.734965 0.439345 0.538583 0.068109 0.864638 0.564488 0.010393 0.529292 0.791090 0.767677 0.472013 0.440559 0.657902 0.160905 0.471801 0.146206 0.991113 0.511729 0.189245 0.642767 0.945872 0.135964 0.928954 0.914123 0.000934 
0.171953 0.544348 0.622740 0.455793 0.223792 0.924490 0.190758 0.663137 0.463073 0.258868 0.527775 0.027561 0.269261 0.057067 0.818651 0.036938 0.529080 0.259210 0.694840 0.689985 0.731012 0.841046 0.681098 0.242741 0.030291 0.323865 0.188613 0.166256 0.252819 0.102736 0.167189 0.424772 0.647085 0.789930 0.880566 0.870877 0.714419 0.071324 0.534014 0.177492 0.330192 0.061789 0.205054 0.599453 0.118856 0.023705 0.636391 0.647936 0.282916 0.331231 0.337922 0.013927 0.172277 0.019020 0.256669 0.202569 0.342885 0.445282 0.368824 0.595704 0.548018 0.536014 0.020476 0.195103 
0.325943 0.901041 0.065979 0.040363 0.972365 0.599993 0.217855 0.302557 0.661782 0.422909 0.902010 0.780639 0.446614 0.538401 0.428575 0.729530 0.869632 0.766496 0.743457 0.041909 0.785516 0.000126 0.244478 0.128401 0.445408 0.613302 0.724104 0.993426 0.149316 0.744580 0.188529 0.475259 0.645622 0.254508 0.515622 0.617987 0.854501 0.733477 0.920544 0.516284 0.156386 0.822554 0.296922 0.603000 0.360955 0.725497 0.332530 0.230587 0.491993 0.075987 0.272496 0.277509 0.076112 0.516974 0.405910 0.521520 0.130276 0.130014 0.514946 0.279592 0.874594 0.703474 0.754851 0.520216 
0.957982 0.270473 0.138203 0.812484 0.003950 0.058747 0.328767 0.160336 0.881301 0.625689 0.763336 0.242256 0.351186 0.095866 0.472843 0.843180 0.171853 0.745339 0.120689 0.247965 0.262313 0.526599 0.769485 0.392588 0.656613 0.284431 0.672180 0.531208 0.987905 0.427031 0.051424 0.945887 0.697503 0.189627 0.758371 0.701453 0.248374 0.087138 0.861790 0.129675 0.712827 0.625126 0.371932 0.064014 0.720992 0.844775 0.907193 0.892845 0.590114 0.027882 0.140810 0.852426 0.554481 0.910295 0.245014 0.211094 0.194726 0.917194 0.742301 0.182631 0.344225 0.793725 0.128518 0.041728 
0.983351 0.886889 0.743181 0.231725 0.974027 0.604971 0.361401 0.686854 0.230097 0.733332 0.750868 0.951089 0.578107 0.658061 0.843934 0.168220 0.685943 0.984744 0.020647 0.240424 0.895039 0.265661 0.451517 0.089765 0.182855 0.193819 0.272395 0.527080 0.987543 0.400913 0.568808 0.970895 0.287802 0.311989 0.202620 0.261829 0.916960 0.564021 0.948683 0.147058 0.297353 0.699551 0.098147 0.875460 0.357612 0.942081 0.043680 0.043554 0.926826 0.064327 0.283978 0.821865 0.329988 0.735495 0.911630 0.512843 0.929314 0.184025 0.039923 0.916857 0.584939 0.608731 0.887752 0.872741 
0.920720 0.090372 0.134569 0.837681 0.654393 0.083252 0.984739 0.951746 0.782803 0.082885 0.827205 0.140415 0.024967 0.870886 0.183969 0.951792 0.935212 0.467947 0.773657 0.265200 0.203442 0.685287 0.778044 0.132756 0.869312 0.817967 0.049613 0.454251 0.426698 0.937365 0.326991 0.347418 0.027737 0.461561 0.185099 0.682129 0.544813 0.169838 0.633875 0.327616 0.252723 0.461080 0.468031 0.277690 0.331966 0.652000 0.229482 0.267178 0.119946 0.003140 0.532379 0.323388 0.688427 0.310422 0.456144 0.557739 0.128389 0.505757 0.011990 0.555087 0.443122 0.338982 0.902505 0.470858 
0.800543 0.087604 0.152988 0.345356 0.257442 0.786862 0.672972 0.510165 0.247943 0.141003 0.787855 0.579908 0.793003 0.017337 0.847087 0.912949 0.020477 0.379465 0.236338 0.708904 0.689888 0.692482 0.266643 0.818277 0.198239 0.278634 0.373363 0.641361 0.617615 0.275868 0.112219 0.418158 0.363473 0.265206 0.763514 0.620914 0.052069 0.436486 0.131079 0.300011 0.577489 0.918934 0.879920 0.370491 0.936271 0.727006 0.283440 0.956748 0.106472 0.519778 0.665652 0.796359 0.212260 0.932295 0.614636 0.410499 0.210928 0.987999 0.051859 0.828543 0.263868 0.164078 0.246701 0.627340 
0.429285 0.010215 0.248255 0.481353 0.446701 0.379334 0.781365 0.024190 0.298268 0.661284 0.394681 0.234538 0.388290 0.678122 0.191286 0.494762 0.197900 0.856938 0.291121 0.410160 0.789232 0.905757 0.820658 0.000161 0.893756 0.872518 0.828704 0.157624 0.036596 0.075405 0.784964 0.465880 0.085621 0.033219 0.947233 0.532322 0.412553 0.728598 0.556512 0.710820 0.389883 0.951194 0.945359 0.778173 0.629316 0.136645 0.272935 0.827216 0.993582 0.564056 0.237375 0.782815 0.469813 0.058034 0.782975 0.363569 0.930551 0.611679 0.521193 0.967147 0.687085 0.306157 0.433027 0.772705 
0.339376 0.380261 0.305027 0.751929 0.108859 0.861539 0.462749 0.498741 0.812733 0.408107 0.276914 0.442049 0.544752 0.549849 0.269264 0.538334 0.113906 0.506640 0.321149 0.583719 0.564673 0.104124 0.947288 0.495225 0.715803 0.468481 0.462372 0.402888 0.774639 0.895399 0.175593 0.114015 0.275660 0.480620 0.865944 0.384518 0.342160 0.328693 0.883260 0.154893 0.736800 0.160174 0.596942 0.281552 0.710024 0.866206 0.819887 0.823929 0.372845 0.141036 0.407648 0.937519 0.245160 0.354936 0.432743 0.960963 0.823417 0.895115 0.363851 0.598055 0.790514 0.539444 0.712070 0.066173 
0.020064 0.578014 0.450692 0.362224 0.906707 0.333951 0.517117 0.643508 0.494126 0.114058 0.925060 0.204149 0.980264 0.744947 0.028078 0.353110 0.885983 0.435726 0.290629 0.131142 0.790662 0.723372 0.092105 0.614079 0.618487 0.455956 0.212134 0.409000 0.995399 0.924205 0.475173 0.015463 0.502219 0.925865 0.377687 0.408926 0.259816 0.894804 0.052434 0.753942 0.008862 0.977494 0.958091 0.989127 0.722440 0.986170 0.342237 0.608423 0.421896 0.632865 0.739565 0.212558 0.356237 0.831671 0.826637 0.974724 0.287627 0.038771 0.383724 0.283026 0.962975 0.858897 0.298489 0.465194 
0.784762 0.676176 0.874120 0.044578 0.570980 0.926554 0.798520 0.579843 0.904047 0.756611 0.568970 0.626488 0.742781 0.911206 0.234911 0.164677 0.544071 0.974476 0.377235 0.900308 0.806147 0.203871 0.875032 0.093773 0.242642 0.258756 0.376799 0.205618 0.117653 0.675289 0.670812 0.902415 0.351465 0.544932 0.946993 0.922445 0.471486 0.745513 0.502288 0.375533 0.502125 0.071258 0.002020 0.244906 0.982464 0.236931 0.409583 0.526536 0.211407 0.786817 0.426844 0.017554 0.990689 0.301876 0.111327 0.233331 0.560632 0.488126 0.438948 0.678285 0.163415 0.109760 0.580700 0.514880 
0.654692 0.527693 0.437325 0.126177 0.273206 0.939614 0.501710 0.775331 0.010872 0.503731 0.020236 0.993336 0.740661 0.429819 0.519871 0.952068 0.216636 0.946715 0.969622 0.207325 0.248591 0.080949 0.440656 0.809223 0.569075 0.879604 0.487508 0.732490 0.989364 0.068208 0.247370 0.644056 0.595900 0.684695 0.770234 0.869106 0.624309 0.271944 0.644437 0.635181 0.775675 0.664674 0.628516 0.516336 0.094493 0.148388 0.468404 0.311129 0.095103 0.438026 0.518454 0.343695 0.518975 0.959110 0.152918 0.088050 0.838715 0.640426 0.820539 0.828079 0.708633 0.067909 0.472135 0.304534 
0.752605 0.242369 0.173640 0.376914 0.514313 0.818077 0.012094 0.289988 0.482751 0.640611 0.806323 0.577244 0.788998 0.274728 0.888373 0.884102 0.712754 0.406827 0.227796 0.231728 0.365938 0.380714 0.319778 0.204652 0.021140 0.140317 0.032731 0.729773 0.208227 0.504866 0.034306 0.960831 0.747235 0.207946 0.337745 0.261548 0.026024 0.349839 0.551536 0.508775 0.990450 0.357859 0.086019 0.779448 0.632587 0.974392 0.663550 0.345340 0.381219 0.891346 0.577069 0.747157 0.272060 0.896846 0.951809 0.293199 0.037164 0.984540 0.022972 0.245391 0.489406 0.057278 0.206222 0.236642 
0.265225 0.543967 0.498190 0.291249 0.893806 0.049725 0.800023 0.884256 0.407585 0.886042 0.663704 0.040171 0.860434 0.327254 0.385512 0.241653 0.218600 0.962580 0.988810 0.490660 0.859427 0.940619 0.783860 0.896590 0.925159 0.806832 0.141981 0.414565 0.864110 0.348203 0.651207 0.129335 0.892170 0.149397 0.420584 0.785976 0.199122 0.220607 0.670232 0.606707 0.106649 0.333936 0.646878 0.967083 0.661191 0.032389 0.208736 0.879791 0.994970 0.197546 0.370451 0.854396 0.138165 0.154311 0.750987 0.063324 0.961142 0.892968 0.477890 0.825253 0.241170 0.129097 0.954588 0.133340 
0.278493 0.375171 0.919316 0.477615 0.595778 0.589548 0.084322 0.702427 0.923484 0.731200 0.669510 0.584675 0.763589 0.878246 0.464465 0.758559 0.075792 0.834917 0.612955 0.213957 0.989227 0.363941 0.277281 0.950370 0.256909 0.755171 0.775622 0.498079 0.884268 0.730210 0.631419 0.162761 0.105381 0.550735 0.640376 0.701160 0.140283 0.724698 0.403587 0.063767 0.455898 0.073097 0.648441 0.219487 0.951343 0.112907 0.978046 0.027136 0.947823 0.591000 0.241093 0.937051 0.954942 0.518374 0.887420 0.211851 0.273545 0.663043 0.709930 0.157812 0.393253 0.341350 0.320573 0.498634 
0.892085 0.960949 0.199793 0.032368 0.685647 0.603380 0.096135 0.141545 0.676478 0.744576 0.361032 0.627821 0.857483 0.339078 0.654957 0.805307 0.930078 0.896049 0.742357 0.885020 0.414423 0.629778 0.096871 0.687968 0.292821 0.806802 0.845780 0.686073 0.148152 0.166354 0.184707 0.040237 0.127303 0.384501 0.072605 0.812950 0.987881 0.168740 0.954496 0.664359 0.913316 0.315528 0.292180 0.770800 0.654606 0.947136 0.576106 0.584684 0.843185 0.318464 0.469705 0.257608 0.948242 0.566576 0.945576 0.241062 0.373378 0.791357 0.927135 0.521529 0.957710 0.111842 0.561766 0.085013 
0.496343 0.634371 0.897963 0.484224 0.803111 0.852459 0.148583 0.716428 0.167987 0.440762 0.487227 0.822593 0.387898 0.063334 0.407278 0.231083 0.381797 0.876983 0.488692 0.330039 0.443559 0.434268 0.571101 0.816936 0.225624 0.498237 0.338466 0.183334 0.610079 0.900232 0.268347 0.106422 0.534604 0.166311 0.590646 0.337715 0.018770 0.739229 0.054142 0.186757 0.179991 0.541370 0.009351 0.567889 0.604703 0.416628 0.798972 0.986501 0.293611 0.287664 0.316540 0.737170 0.721932 0.887641 0.554106 0.947556 0.385878 0.892572 0.130891 0.995956 0.792804 0.399238 0.102378 0.327408 
0.565549 0.693024 0.665123 0.584319 0.432253 0.719265 0.771077 0.612244 0.260635 0.780427 0.180132 0.865338 0.197056 0.979105 0.851839 0.490667 0.266769 0.168379 0.227836 0.988701 0.056020 0.781942 0.936257 0.441898 0.674514 0.067148 0.437854 0.467319 0.466386 0.540233 0.794727 0.031935 0.233257 0.459849 0.616255 0.665510 0.179114 0.387331 0.277754 0.439749 0.167758 0.457886 0.305088 0.364814 0.436991 0.156927 0.855481 0.703760 0.325306 0.083317 0.692461 0.381327 0.865259 0.628718 0.823224 0.539774 0.695866 0.261079 0.007093 0.162252 0.801311 0.801819 0.194187 0.034569 
0.261668 0.810442 0.700079 0.440783 0.197773 0.977832 0.880532 0.365532 0.435718 0.185620 0.730345 0.872709 0.342547 0.585826 0.576469 0.667853 0.669143 0.268930 0.049180 0.534402 0.897647 0.872404 0.074176 0.593513 0.133483 0.081269 0.755765 0.934794 0.883088 0.949953 0.969363 0.144756 0.760395 0.669442 0.585539 0.958168 0.647274 0.466071 0.323699 0.082992 0.651691 0.054045 0.955702 0.994238 0.639871 0.532171 0.662091 0.309014 0.801100 0.711270 0.843417 0.698748 0.583674 0.917593 0.292261 0.717157 0.998862 0.048026 0.651952 0.881950 0.997979 0.621315 0.026706 0.758374 
0.290757 0.612245 0.716542 0.938031 0.078316 0.040241 0.021023 0.730007 0.094286 0.976724 0.724244 0.734157 0.508895 0.386335 0.043171 0.309995 0.097605 0.886588 0.008743 0.681280 0.804181 0.301004 0.398437 0.803042 0.349030 0.050389 0.684992 0.347009 0.671704 0.711698 0.105382 0.962460 0.323943 0.821924 0.900491 0.402258 0.862165 0.921514 0.132265 0.956451 0.898238 0.856509 0.690609 0.407133 0.242844 0.733780 0.717128 0.340449 0.620368 0.725871 0.021729 0.424549 0.026874 0.420166 0.227591 0.375904 0.470555 0.912583 0.722913 0.142258 0.624281 0.828295 0.104719 0.948224 
0.650219 0.005210 0.350482 0.512385 0.926724 0.482747 0.468836 0.824962 0.339256 0.159444 0.232095 0.582100 0.893224 0.949223 0.922549 0.513592 0.675093 0.944278 0.938141 0.701967 0.364443 0.165732 0.077871 0.834998 0.078316 0.800784 0.977257 0.702597 0.629079 0.081976 0.650820 0.279298 0.087185 0.001303 0.791683 0.013909 0.484050 0.260519 0.838870 0.823306 0.419963 0.070965 0.405406 0.313187 0.020187 0.327955 0.826779 0.695281 0.272233 0.764920 0.397248 0.636676 0.930653 0.475119 0.471675 0.008968 0.275903 0.448931 0.711565 0.904982 0.530907 0.362386 0.184280 0.618092 
