0.363688 0.975962 0.632001 0.847738 0.236481 0.470871 0.671044 0.656444 0.541836 0.076450 0.969631 0.562024 0.404406 0.796411 0.257304 0.676638 0.561331 0.654552 0.313315 0.491984 0.129671 0.784989 0.500952 0.405574 0.233921 0.212517 0.310556 0.764827 0.574903 0.494836 0.382919 0.938591 0.470798 0.014920 0.786330 0.707279 0.485792 0.457374 0.363723 0.027628 0.533824 0.333354 0.589652 0.938230 0.129765 0.846957 0.614868 0.691096 0.501509 0.928183 0.183079 0.631180 0.713173 0.684032 0.036754 0.947093 0.896549 0.347310 0.711921 0.471452 0.842146 0.094840 0.410044 0.312944 
0.109761 0.196373 0.020223 0.595553 0.653747 0.383946 0.623181 0.187572 0.717300 0.212833 0.125801 0.847065 0.059790 0.740670 0.538161 0.561298 0.668853 0.721240 0.192479 0.382026 0.405272 0.229233 0.329119 0.301821 0.576543 0.041040 0.773273 0.418689 0.135880 0.183317 0.731634 0.245641 0.379690 0.751857 0.841194 0.033437 0.135803 0.464375 0.221009 0.853103 0.677208 0.346810 0.700168 0.736997 0.087480 0.238329 0.298296 0.756333 0.959569 0.490774 0.138359 0.364841 0.720007 0.467478 0.666662 0.296551 0.508519 0.439935 0.715240 0.644399 0.623251 0.446874 0.890040 0.002941 
0.198730 0.731234 0.036378 0.334534 0.195609 0.257387 0.187637 0.872817 0.604197 0.887805 0.609814 0.691677 0.126134 0.908110 0.448010 0.085703 0.398884 0.586369 0.450544 0.118891 0.053847 0.117206 0.415442 0.562366 0.557141 0.130682 0.206765 0.180392 0.577556 0.096805 0.183333 0.776287 0.828039 0.219711 0.110820 0.023648 0.477098 0.298457 0.896465 0.081295 0.186262 0.506279 0.772972 0.312397 0.414388 0.220981 0.398100 0.813272 0.807350 0.848644 0.932164 0.861198 0.965850 0.347606 0.423563 0.522991 0.478288 0.630328 0.703383 0.055844 0.727133 0.886716 0.832131 0.555172 
0.106427 0.942951 0.578820 0.583525 0.241408 0.475285 0.664820 0.427670 0.981564 0.437791 0.740067 0.395952 0.658773 0.138167 0.209224 0.466123 0.986811 0.141388 0.327320 0.952662 0.488994 0.750884 0.475653 0.967282 0.381212 0.179035 0.023127 0.108345 0.065751 0.855258 0.663517 0.172179 0.798209 0.242337 0.755704 0.039617 0.717622 0.420523 0.467287 0.699186 0.858315 0.207354 0.095138 0.517088 0.345521 0.304362 0.983210 0.332333 0.445750 0.310531 0.284994 0.934744 0.061415 0.760647 0.902026 0.442626 0.939682 0.925153 0.550971 0.005434 0.780411 0.214489 0.177612 0.578620 
0.456826 0.933316 0.618237 0.174448 0.353840 0.085524 0.873634 0.212154 0.292878 0.968772 0.729242 0.638400 0.273134 0.712452 0.970732 0.718884 0.022983 0.255727 0.653628 0.084398 0.016374 0.555654 0.527024 0.956056 0.480808 0.077996 0.961490 0.261219 0.292484 0.139103 0.839839 0.749310 0.072419 0.458076 0.923758 0.426258 0.543600 0.797393 0.638412 0.836478 0.766165 0.367654 0.474878 0.039299 0.080107 0.445610 0.758183 0.103090 0.701337 0.411811 0.187488 0.717710 0.967465 0.714512 0.673766 0.448273 0.792508 0.635256 0.709492 0.084992 0.774359 0.549331 0.834302 0.846778 
0.007407 0.758060 0.273036 0.551007 0.555453 0.911448 0.387485 0.321618 0.279103 0.862363 0.360917 0.359209 0.307973 0.119099 0.462299 0.009309 0.530910 0.649787 0.727020 0.498375 0.364299 0.400786 0.946649 0.156806 0.036043 0.656141 0.241798 0.810402 0.205472 0.076100 0.657179 0.212878 0.834160 0.930215 0.763885 0.389613 0.841663 0.151370 0.711231 0.120766 0.013732 0.072148 0.479975 0.321705 0.191247 0.942274 0.331014 0.722157 0.592060 0.058034 0.220533 0.956359 0.458820 0.167181 0.113165 0.494863 0.823322 0.354963 0.305264 0.028793 0.431063 0.962443 0.241672 0.265224 
0.892658 0.005557 0.654837 0.734321 0.156927 0.366069 0.855087 0.170659 0.438216 0.335062 0.492364 0.629464 0.277336 0.823379 0.351621 0.869396 0.881413 0.572154 0.825755 0.340233 0.739335 0.938920 0.835096 0.562657 0.293884 0.140360 0.591450 0.724947 0.102803 0.833122 0.990171 0.995461 0.838679 0.645008 0.729783 0.995606 0.011077 0.584870 0.166265 0.449293 0.919932 0.658629 0.078757 0.197268 0.482008 0.430377 0.066664 0.363421 0.002531 0.892419 0.703653 0.741866 0.831339 0.538749 0.304523 0.125223 0.679109 0.895973 0.850170 0.781912 0.729095 0.840341 0.777373 0.567774 
0.485349 0.507156 0.563379 0.496425 0.092026 0.729644 0.945718 0.011958 0.388273 0.024475 0.209226 0.870281 0.454852 0.275889 0.233702 0.457383 0.168308 0.937355 0.199249 0.999648 0.476104 0.503772 0.124870 0.155213 0.399745 0.975040 0.937125 0.128840 0.815381 0.714498 0.696614 0.300730 0.221654 0.259993 0.797155 0.313680 0.989637 0.742873 0.325639 0.377911 0.767348 0.534864 0.248192 0.222200 0.810754 0.481893 0.679583 0.979062 0.419248 0.878832 0.978710 0.895352 0.382604 0.103580 0.050565 0.782349 0.078620 0.987690 0.911189 0.894001 0.702188 0.607803 0.194731 0.923842 
0.867796 0.991885 0.237523 0.857433 0.734758 0.563161 0.235344 0.502106 0.098026 0.483536 0.724305 0.908779 0.965429 0.403888 0.887841 0.384677 0.282720 0.866551 0.280030 0.665324 0.970131 0.330595 0.447673 0.048751 0.318285 0.358862 0.942752 0.020473 0.966665 0.137482 0.944315 0.834461 0.129368 0.181838 0.691895 0.864126 0.744999 0.927239 0.366232 0.843025 0.410774 0.090537 0.751804 0.376203 0.494425 0.639646 0.760880 0.777145 0.506196 0.040910 0.442469 0.476327 0.371505 0.890143 0.525078 0.689790 0.249005 0.467829 0.710262 0.215670 0.605312 0.654578 0.050132 0.734680 
0.836416 0.742027 0.598806 0.581415 0.669265 0.965037 0.424440 0.080040 0.055574 0.176245 0.456243 0.549999 0.815890 0.217124 0.327144 0.322086 0.258034 0.769613 0.798413 0.629538 0.659756 0.323491 0.319328 0.908761 0.791320 0.029591 0.124431 0.396632 0.684168 0.174563 0.131312 0.520584 0.916589 0.730118 0.101999 0.585855 0.695155 0.526440 0.665895 0.750729 0.702684 0.122138 0.300727 0.518574 0.339261 0.627871 0.840661 0.597295 0.397484 0.639074 0.226834 0.057240 0.962565 0.546162 0.966000 0.753885 0.575752 0.090431 0.150517 0.259920 0.264994 0.281829 0.780504 0.181583 
0.011947 0.882504 0.767438 0.707101 0.408943 0.433333 0.457830 0.111627 0.555470 0.758557 0.630202 0.894732 0.386428 0.470862 0.492027 0.783913 0.109936 0.718860 0.841152 0.072501 0.265022 0.807153 0.826386 0.840774 0.897584 0.976903 0.100695 0.162578 0.258732 0.881199 0.344161 0.270679 0.763702 0.111600 0.977781 0.172646 0.544932 0.435611 0.284273 0.100403 0.194168 0.914475 0.995134 0.580596 0.385337 0.487161 0.364509 0.495273 0.206022 0.205661 0.567774 0.471044 0.012814 0.394160 0.311818 0.910398 0.371063 0.412512 0.072976 0.629795 0.293711 0.417137 0.900475 0.057414 
0.528737 0.878255 0.230059 0.073669 0.313866 0.514332 0.174072 0.508033 0.428807 0.169206 0.088630 0.814144 0.656367 0.453139 0.309418 0.862389 0.658800 0.877192 0.333433 0.671614 0.271352 0.645250 0.582012 0.642415 0.057763 0.654987 0.272211 0.351474 0.072125 0.172685 0.408888 0.600861 0.050940 0.638947 0.674530 0.364806 0.153279 0.848602 0.872839 0.582086 0.017808 0.961469 0.396231 0.674175 0.414608 0.705648 0.536564 0.073407 0.582840 0.869996 0.745021 0.854192 0.515247 0.327033 0.496607 0.573010 0.982020 0.768818 0.924484 0.054145 0.941503 0.333371 0.655006 0.992443 
0.972318 0.329536 0.357249 0.125597 0.178138 0.230088 0.707684 0.195946 0.191557 0.103915 0.870121 0.606165 0.809563 0.406685 0.679572 0.392403 0.276682 0.424593 0.246596 0.791929 0.751626 0.743203 0.364938 0.733646 0.512021 0.289422 0.787791 0.453525 0.622793 0.442797 0.445968 0.595111 0.772333 0.803217 0.720708 0.950471 0.033305 0.428392 0.146417 0.224862 0.532307 0.016539 0.831027 0.341870 0.423224 0.510599 0.734274 0.699906 0.935192 0.980869 0.491834 0.686818 0.724073 0.856772 0.420464 0.236094 0.146194 0.208255 0.689618 0.768987 0.651051 0.135586 0.364098 0.423384 
0.938803 0.084806 0.373855 0.972109 0.513198 0.520273 0.196971 0.045506 0.536811 0.027998 0.387376 0.960035 0.538597 0.121649 0.659941 0.473789 0.102519 0.151775 0.160607 0.826591 0.008547 0.581071 0.062685 0.154741 0.789326 0.752304 0.923728 0.440377 0.887890 0.287825 0.863761 0.826693 0.372631 0.237616 0.798802 0.885830 0.757889 0.995773 0.931335 0.294700 0.023771 0.318711 0.254736 0.562367 0.440360 0.914677 0.036156 0.542879 0.066452 0.196763 0.369470 0.074999 0.777834 0.432155 0.229740 0.567160 0.184459 0.153468 0.007536 0.072349 0.441293 0.871297 0.899042 0.813924 
0.108913 0.697844 0.699754 0.866802 0.693617 0.631089 0.161503 0.717388 0.949800 0.416239 0.279755 0.390161 0.330915 0.315911 0.933040 0.397367 0.512675 0.302510 0.472366 0.290509 0.734666 0.702106 0.857668 0.919124 0.855574 0.865205 0.991473 0.296867 0.736502 0.890516 0.110791 0.845415 0.588360 0.810545 0.712218 0.281977 0.441635 0.873720 0.999365 0.391435 0.289959 0.279120 0.781596 0.620874 0.595031 0.714636 0.018241 0.107706 0.017146 0.490607 0.398215 0.751811 0.192713 0.255883 0.670936 0.048287 0.121088 0.662409 0.345154 0.857590 0.552925 0.455946 0.703005 0.141285 
0.266491 0.415223 0.423262 0.708126 0.288943 0.422627 0.099561 0.578902 0.701747 0.881157 0.199776 0.296778 0.595793 0.218017 0.404485 0.612938 0.708625 0.802699 0.364750 0.901338 0.058583 0.035686 0.949625 0.179671 0.698095 0.294780 0.037260 0.251020 0.750725 0.740265 0.392305 0.017216 0.155488 0.815567 0.725342 0.444431 0.238193 0.824903 0.023333 0.939940 0.706060 0.223109 0.236719 0.301853 0.441126 0.641203 0.914791 0.149751 0.443903 0.279541 0.051089 0.502485 0.315227 0.000714 0.682156 0.013321 0.295494 0.719416 0.264341 0.046219 0.459681 0.656646 0.063436 0.615169 
0.472212 0.788778 0.059600 0.710406 0.613681 0.082933 0.650346 0.319741 0.306042 0.887065 0.621594 0.747168 0.528268 0.536385 0.896918 0.972170 0.815926 0.948007 0.474656 0.131152 0.948721 0.156811 0.144474 0.244215 0.876227 0.408815 0.290434 0.335909 0.065460 0.353870 0.951078 0.537672 0.142647 0.010678 0.248078 0.756328 0.093611 0.898424 0.076069 0.399653 0.785488 0.697663 0.146820 0.313756 0.234048 0.043738 0.285926 0.049974 0.991745 0.760582 0.181126 0.940466 0.917393 0.325600 0.184681 0.793620 0.734414 0.475115 0.129529 0.799874 0.828985 0.080607 0.337547 0.971632 
0.091285 0.585624 0.727960 0.184896 0.484048 0.804030 0.584549 0.269536 0.501693 0.731369 0.583292 0.735740 0.775108 0.869218 0.785714 0.766853 0.629800 0.966840 0.707319 0.547193 0.292440 0.891999 0.340813 0.026854 0.367114 0.470342 0.826728 0.196099 0.550950 0.164275 0.167731 0.642235 0.749899 0.895692 0.827131 0.233947 0.699721 0.411680 0.503483 0.201414 0.143050 0.086775 0.937154 0.918157 0.955993 0.722868 0.685010 0.585793 0.689708 0.392329 0.132986 0.982148 0.284328 0.473799 0.009002 0.651442 0.944141 0.835730 0.847541 0.495091 0.000005 0.015273 0.137326 0.749904 
0.910964 0.964457 0.983851 0.610686 0.376138 0.487334 0.812100 0.519187 0.574108 0.749254 0.437345 0.530101 0.472122 0.122354 0.115894 0.161831 0.514683 0.248879 0.143979 0.799011 0.722678 0.152980 0.450453 0.666820 0.988710 0.297995 0.161911 0.988715 0.313267 0.299236 0.738619 0.224232 0.263694 0.722469 0.834917 0.639831 0.209803 0.647017 0.159019 0.783911 0.396271 0.596363 0.314012 0.868393 0.718718 0.429906 0.030224 0.233401 0.678786 0.174203 0.032412 0.401464 0.327183 0.482865 0.068284 0.315893 0.780860 0.230194 0.304608 0.094127 0.529431 0.043227 0.318359 0.793124 
0.765696 0.153276 0.432956 0.975499 0.800293 0.591975 0.759410 0.196563 0.188338 0.073422 0.064956 0.907056 0.503329 0.095180 0.140456 0.182114 0.269383 0.172868 0.583578 0.596566 0.655733 0.651862 0.912459 0.436593 0.882056 0.217068 0.530720 0.411487 0.260294 0.849079 0.204611 0.025990 0.002355 0.637567 0.001489 0.802647 0.229542 0.760899 0.999211 0.417880 0.834321 0.064167 0.324936 0.337650 0.159347 0.465392 0.519764 0.428730 0.638260 0.103343 0.025296 0.293994 0.755205 0.937756 0.730587 0.637261 0.154823 0.261307 0.048748 0.415118 0.110386 0.253359 0.441108 0.112741 
0.890927 0.442597 0.915388 0.120469 0.203496 0.914599 0.538349 0.037817 0.978766 0.863284 0.375467 0.138114 0.328677 0.895231 0.566844 0.966937 0.998573 0.592140 0.260931 0.753778 0.529896 0.991518 0.391039 0.684720 0.252825 0.439787 0.099837 0.363211 0.693147 0.540945 0.475952 0.584073 0.983542 0.391340 0.704542 0.187038 0.305939 0.242891 0.224855 0.284705 0.106175 0.600322 0.422819 0.434852 0.495553 0.989663 0.401789 0.494126 0.581803 0.662720 0.247904 0.111700 0.654238 0.638943 0.796419 0.907062 0.078731 0.896256 0.270273 0.771877 0.437202 0.746225 0.355950 0.420744 
0.137565 0.060492 0.607783 0.443505 0.303383 0.832638 0.728210 0.409559 0.432960 0.151029 0.844411 0.928513 0.140692 0.246200 0.422640 0.722495 0.908920 0.670544 0.834195 0.563157 0.309488 0.630614 0.470220 0.388218 0.526871 0.740493 0.160095 0.964072 0.486718 0.516046 0.384817 0.624283 0.576538 0.992599 0.067788 0.879922 0.825237 0.795998 0.289480 0.258198 0.947027 0.133891 0.186711 0.087719 0.380091 0.609351 0.810214 0.289010 0.279895 0.644409 0.852168 0.589383 0.275023 0.322387 0.977601 0.801894 0.062880 0.137696 0.765966 0.549598 0.653742 0.150783 0.173881 0.230281 
0.143382 0.241669 0.110202 0.968619 0.037667 0.399682 0.226817 0.984693 0.533573 0.413528 0.072412 0.913664 0.022878 0.882626 0.202674 0.302773 0.527036 0.054842 0.892156 0.802059 0.377229 0.869757 0.603953 0.440109 0.007453 0.369920 0.989707 0.661195 0.520703 0.163589 0.891476 0.664085 0.405258 0.001678 0.632704 0.442925 0.401360 0.859521 0.427618 0.934933 0.273049 0.500030 0.848597 0.295927 0.382657 0.051271 0.598700 0.909693 0.106113 0.490856 0.711752 0.483342 0.360613 0.315705 0.923451 0.368066 0.685625 0.913158 0.029261 0.206327 0.076747 0.920737 0.870412 0.482005 
0.922414 0.503116 0.924930 0.323775 0.362636 0.352548 0.258708 0.635685 0.852579 0.107305 0.931612 0.235235 0.158577 0.530313 0.144928 0.264689 0.021169 0.856680 0.748031 0.381782 0.172385 0.671482 0.749848 0.858009 0.584641 0.779109 0.064336 0.661388 0.699846 0.934748 0.143393 0.622260 0.437864 0.068323 0.946035 0.800500 0.420871 0.204743 0.436185 0.273450 0.312048 0.367797 0.508685 0.470625 0.898110 0.653613 0.735314 0.919279 0.510293 0.483346 0.301061 0.682677 0.154828 0.050909 0.540686 0.739469 0.830018 0.605023 0.400856 0.529863 0.539771 0.544249 0.152123 0.977634 
0.612572 0.098158 0.778134 0.033443 0.302901 0.214319 0.306893 0.614950 0.582117 0.815578 0.085575 0.480227 0.469191 0.820889 0.399506 0.979483 0.304235 0.700566 0.662160 0.459063 0.751475 0.202847 0.198531 0.581493 0.807869 0.599388 0.111356 0.347640 0.143637 0.263480 0.325274 0.756209 0.361638 0.103409 0.789652 0.664540 0.317728 0.096545 0.279489 0.899845 0.912122 0.365064 0.380072 0.381313 0.185953 0.779577 0.360796 0.490188 0.480144 0.022956 0.949251 0.231619 0.225803 0.147782 0.813112 0.033672 0.747170 0.924468 0.381313 0.890807 0.187948 0.706587 0.647016 0.549586 
0.809995 0.436668 0.214125 0.127724 0.533213 0.493615 0.027568 0.445335 0.858679 0.407640 0.826648 0.044632 0.187217 0.187443 0.534820 0.667361 0.210399 0.484071 0.898980 0.436202 0.631853 0.712091 0.469875 0.379024 0.636559 0.851187 0.269831 0.824507 0.557774 0.916847 0.374093 0.367770 0.353515 0.588219 0.495493 0.886728 0.081834 0.523062 0.332063 0.940512 0.930701 0.158711 0.985144 0.117918 0.346154 0.519964 0.785279 0.556554 0.004035 0.684259 0.992756 0.635888 0.396350 0.462631 0.014912 0.032909 0.313818 0.284743 0.857417 0.871593 0.201590 0.231510 0.239362 0.555105 
0.819729 0.734855 0.441834 0.901562 0.257917 0.773897 0.842075 0.188618 0.932608 0.827219 0.306537 0.278762 0.347183 0.091816 0.835315 0.351218 0.776074 0.828071 0.987106 0.172424 0.290702 0.002018 0.205334 0.604520 0.286760 0.062751 0.476113 0.488350 0.294261 0.715475 0.043455 0.113989 0.450331 0.485289 0.015552 0.708247 0.259186 0.857626 0.896866 0.191793 0.684845 0.203402 0.470555 0.032028 0.295218 0.305870 0.383245 0.071293 0.133941 0.370351 0.243717 0.424643 0.372369 0.449051 0.029164 0.659129 0.511801 0.505277 0.147479 0.806062 0.220752 0.190934 0.920051 0.671082 
0.676223 0.935603 0.379330 0.935409 0.793229 0.276195 0.127202 0.478074 0.479598 0.597757 0.510102 0.774816 0.903627 0.893348 0.846109 0.037568 0.263699 0.089825 0.462211 0.636068 0.538876 0.491374 0.295197 0.050677 0.996651 0.442676 0.856739 0.217403 0.633610 0.776790 0.888485 0.309833 0.712393 0.267814 0.245242 0.505623 0.544010 0.372444 0.983697 0.023608 0.970200 0.493800 0.798424 0.873827 0.387147 0.644533 0.911395 0.650846 0.734358 0.373605 0.286913 0.273234 0.864980 0.582110 0.323912 0.861631 0.024786 0.180651 0.079033 0.658396 0.957441 0.967518 0.968230 0.669834 
0.235333 0.213472 0.175457 0.779343 0.585915 0.159155 0.802950 0.556116 0.652954 0.601374 0.429943 0.040102 0.245907 0.341337 0.690947 0.980265 0.714943 0.977861 0.253499 0.579923 0.559971 0.577411 0.441553 0.584757 0.758062 0.520587 0.243153 0.715503 0.488105 0.211383 0.385337 0.723437 0.424854 0.560794 0.502780 0.010770 0.719949 0.305730 0.566885 0.372904 0.907105 0.996828 0.413005 0.153012 0.338165 0.103953 0.133277 0.053108 0.081813 0.386776 0.633030 0.641784 0.964187 0.074584 0.226541 0.722249 0.595171 0.469695 0.437751 0.083276 0.681077 0.823088 0.806713 0.105932 
0.383883 0.309493 0.116701 0.103832 0.615224 0.683586 0.476736 0.522328 0.680414 0.889741 0.675340 0.018580 0.993693 0.808617 0.071688 0.075507 0.195394 0.704718 0.717291 0.159581 0.779302 0.943833 0.881830 0.374473 0.413527 0.319581 0.457748 0.094605 0.142669 0.264461 0.200536 0.526552 0.573954 0.317237 0.630385 0.189178 0.000824 0.107120 0.711506 0.681238 0.996861 0.386847 0.699818 0.990555 0.195464 0.771505 0.066062 0.390858 0.476223 0.783353 0.550439 0.255525 0.727186 0.432268 0.629998 0.140713 0.751849 0.087746 0.235317 0.894519 0.352207 0.435853 0.421071 0.926161 
0.753091 0.051456 0.115339 0.753914 0.158576 0.826845 0.435152 0.155437 0.213692 0.134970 0.145992 0.409156 0.906475 0.212053 0.800014 0.382698 0.995406 0.350453 0.638223 0.722592 0.782721 0.268221 0.863305 0.534570 0.355966 0.098622 0.429089 0.708173 0.534475 0.850160 0.634334 0.287566 0.901615 0.749673 0.041480 0.060191 0.576519 0.476632 0.215628 0.790211 0.611602 0.361620 0.199367 0.518076 0.573674 0.999382 0.900774 0.569080 0.349834 0.538997 0.291672 0.132555 0.807218 0.154976 0.667125 0.163184 0.253598 0.096214 0.871357 0.788074 0.946374 0.505692 0.075639 0.847989 
0.255365 0.117119 0.908180 0.831884 0.593751 0.123809 0.622095 0.205353 0.485429 0.821462 0.723429 0.059103 0.820844 0.624203 0.628183 0.170678 0.163201 0.919855 0.303233 0.970419 0.074831 0.970358 0.133603 0.328430 0.066572 0.004960 0.116503 0.012946 0.510652 0.192143 0.860935 0.766017 0.309262 0.769115 0.597901 0.903013 0.892924 0.219996 0.108366 0.378353 0.041458 0.831795 0.437456 0.862302 0.455998 0.065639 0.032980 0.619199 0.985494 0.336213 0.589617 0.060325 0.306572 0.723220 0.388755 0.373144 0.728181 0.505258 0.386090 0.238832 0.697401 0.247025 0.004849 0.006663 
0.016140 0.602750 0.909676 0.909064 0.822745 0.018042 0.287418 0.864203 0.849836 0.724874 0.726505 0.305834 0.790513 0.759485 0.925033 0.776007 0.095699 0.514650 0.836333 0.402270 0.237871 0.225088 0.775414 0.966051 0.730346 0.161504 0.204883 0.427747 0.408529 0.209733 0.434410 0.424669 0.812482 0.344086 0.333733 0.635228 0.362127 0.621151 0.499431 0.211964 0.346025 0.225937 0.517798 0.136538 0.985422 0.442831 0.912545 0.081120 0.957481 0.748878 0.483391 0.195352 0.973965 0.258805 0.161403 0.704311 0.420308 0.366286 0.132058 0.828837 0.576019 0.566468 0.253505 0.388501 
0.910554 0.587238 0.023729 0.272681 0.208389 0.523160 0.484645 0.554414 0.749097 0.002443 0.690952 0.734519 0.445274 0.603497 0.815639 0.402755 0.352374 0.299030 0.598107 0.326340 0.557834 0.759509 0.030651 0.978142 0.125796 0.162709 0.806979 0.701814 0.729177 0.060485 0.090316 0.639731 0.647723 0.114045 0.912412 0.856112 0.637205 0.397057 0.410526 0.386302 0.399500 0.101478 0.120821 0.844774 0.704975 0.936460 0.247529 0.057349 0.235490 0.845636 0.383689 0.793324 0.605145 0.414340 0.771466 0.730941 0.577049 0.578446 0.432755 0.306226 0.638931 0.523071 0.945957 0.286654 
0.637116 0.858369 0.142766 0.274321 0.255426 0.553293 0.660623 0.654927 0.654770 0.781444 0.499701 0.359745 0.717904 0.747230 0.417094 0.953394 0.592866 0.800783 0.746718 0.198011 0.215122 0.518185 0.928953 0.792171 0.096630 0.361708 0.098397 0.735561 0.884779 0.044353 0.022215 0.521895 0.902722 0.164981 0.796216 0.158148 0.718274 0.456839 0.813075 0.373044 0.238283 0.312776 0.732789 0.956187 0.060006 0.149883 0.909581 0.652872 0.950666 0.656299 0.850883 0.165788 0.174484 0.779836 0.957959 0.271114 0.141544 0.056356 0.006675 0.026323 0.100709 0.028890 0.548218 0.003431 
0.193871 0.344434 0.161579 0.912145 0.801273 0.974654 0.285189 0.039556 0.287430 0.017979 0.995743 0.347436 0.167862 0.905324 0.000308 0.118528 0.561624 0.851192 0.284316 0.736107 0.631028 0.242276 0.007222 0.772572 0.298632 0.013897 0.798895 0.399341 0.042787 0.347113 0.402772 0.236658 0.691547 0.564351 0.148803 0.492820 0.539006 0.433992 0.532376 0.826436 0.451971 0.528120 0.173872 0.619833 0.433444 0.174180 0.738361 0.995068 0.025372 0.022678 0.731175 0.656400 0.264953 0.738397 0.428971 0.563585 0.752293 0.227866 0.962925 0.795080 0.574979 0.365697 0.031738 0.266526 
0.930048 0.180541 0.759347 0.469054 0.614533 0.291723 0.295490 0.066504 0.819843 0.469362 0.686337 0.253287 0.643543 0.424698 0.248354 0.668915 0.447376 0.979530 0.325314 0.712329 0.717926 0.754286 0.275914 0.470220 0.982152 0.238840 0.265300 0.557131 0.604537 0.297038 0.823658 0.534585 0.477579 0.583004 0.003639 0.092113 0.874728 0.299129 0.158617 0.694570 0.768492 0.844955 0.947857 0.412034 0.269653 0.196212 0.080949 0.717029 0.175741 0.406263 0.429359 0.893667 0.160548 0.705273 0.363887 0.142700 0.944113 0.629187 0.699831 0.548650 0.926225 0.523489 0.083235 0.403805 
0.106493 0.086874 0.495918 0.981221 0.386004 0.654535 0.675791 0.154495 0.499489 0.623649 0.566529 0.769142 0.819860 0.647478 0.486172 0.995601 0.053741 0.915530 0.889269 0.214289 0.620803 0.253156 0.356989 0.564916 0.882343 0.056821 0.113565 0.808569 0.580310 0.196800 0.212373 0.686803 0.283675 0.708291 0.668024 0.669678 0.362826 0.343816 0.824173 0.862315 0.967464 0.390703 0.631457 0.787325 0.038180 0.117629 0.782926 0.091921 0.033159 0.672195 0.306210 0.653962 0.925351 0.663200 0.218878 0.807694 0.720021 0.332443 0.616263 0.300331 0.529244 0.828636 0.987134 0.812918 
0.536927 0.655159 0.482596 0.899753 0.998974 0.306770 0.762068 0.966439 0.697472 0.393525 0.753763 0.735653 0.511154 0.536689 0.827574 0.544313 0.208884 0.133784 0.198276 0.134235 0.796984 0.417154 0.941929 0.517005 0.749597 0.558192 0.817336 0.278841 0.386828 0.804470 0.091759 0.923755 0.459628 0.574356 0.823507 0.458603 0.881125 0.585575 0.425042 0.578597 0.979100 0.178805 0.314250 0.490254 0.715494 0.141824 0.034567 0.924378 0.275608 0.232843 0.058613 0.072592 0.649997 0.000542 0.589597 0.399594 0.558734 0.406933 0.678436 0.945562 0.211403 0.770195 0.869317 0.671031 
0.344551 0.692824 0.129634 0.225676 0.278399 0.554676 0.804274 0.257499 0.733481 0.118524 0.747753 0.448975 0.260347 0.782321 0.373353 0.535956 0.015164 0.431966 0.608548 0.665161 0.432508 0.198145 0.064755 0.991242 0.605078 0.743191 0.936804 0.816481 0.513386 0.806121 0.487512 0.857937 0.498945 0.617146 0.083613 0.777344 0.171822 0.887886 0.034843 0.905302 0.006410 0.782597 0.354277 0.266757 0.564917 0.727630 0.802713 0.580081 0.159596 0.411261 0.245242 0.592104 0.609406 0.309997 0.583346 0.214484 0.053188 0.520150 0.030964 0.566574 0.326271 0.518476 0.424511 0.825216 
0.135622 0.508124 0.602560 0.307444 0.396010 0.637404 0.212746 0.402420 0.420000 0.567023 0.669177 0.984918 0.294653 0.471890 0.564999 0.454248 0.883151 0.810241 0.046352 0.492556 0.120238 0.629698 0.707040 0.173426 0.149848 0.738004 0.740001 0.476119 0.256480 0.164512 0.301335 0.392102 0.672635 0.903895 0.699546 0.068646 0.541299 0.912292 0.471065 0.961299 0.479315 0.140243 0.946217 0.773968 0.612132 0.511216 0.228216 0.495283 0.321457 0.274568 0.987839 0.441695 0.904267 0.694879 0.615121 0.054115 0.432883 0.355122 0.530234 0.689363 0.519634 0.831569 0.081465 0.192269 
0.735464 0.781012 0.260915 0.276763 0.693304 0.731980 0.238062 0.172619 0.872223 0.184280 0.946587 0.484355 0.695495 0.174803 0.979638 0.016952 0.449371 0.967477 0.458647 0.353638 0.662356 0.073768 0.407752 0.095239 0.428890 0.937986 0.784603 0.948523 0.769555 0.866068 0.140792 0.505019 0.647080 0.401707 0.781782 0.340383 0.133687 0.019845 0.513002 0.005909 0.204124 0.459589 0.490265 0.899620 0.634391 0.469903 0.916572 0.083763 0.437380 0.375218 0.437400 0.099737 0.448986 0.845153 0.194976 0.877875 0.783139 0.979579 0.826399 0.552694 0.845647 0.967191 0.057713 0.492726 
0.368898 0.839495 0.833110 0.502585 0.859340 0.346112 0.508494 0.063464 0.805701 0.998759 0.963083 0.440092 0.468661 0.879655 0.523855 0.906042 0.254873 0.961255 0.005778 0.703859 0.806408 0.200754 0.581735 0.589546 0.180333 0.408133 0.142240 0.025979 0.375324 0.199953 0.518706 0.744222 0.039448 0.351815 0.246806 0.898788 0.697927 0.755301 0.962252 0.503628 0.754059 0.925335 0.943720 0.222721 0.804990 0.467575 0.128762 0.059864 0.428830 0.134541 0.763723 0.235237 0.335295 0.345458 0.824784 0.515628 0.753591 0.967024 0.541607 0.128915 0.166977 0.060313 0.873137 0.206425 
0.412128 0.119943 0.105213 0.110055 0.875244 0.067465 0.613683 0.629303 0.992801 0.557403 0.852023 0.797791 0.024978 0.980786 0.857655 0.453807 0.115326 0.621378 0.689045 0.450621 0.966835 0.513828 0.966249 0.720426 0.480852 0.507856 0.849341 0.647829 0.568169 0.722477 0.854255 0.980297 0.842420 0.959468 0.090352 0.717664 0.026934 0.704036 0.346967 0.019734 0.261439 0.198990 0.817525 0.286416 0.179776 0.675180 0.740224 0.295103 0.296557 0.429269 0.745724 0.263393 0.943097 0.711973 0.983819 0.423949 0.219829 0.833159 0.071779 0.787998 0.555637 0.926034 0.768295 0.398057 
0.885502 0.858648 0.115721 0.912436 0.562683 0.462688 0.932170 0.824122 0.661678 0.749695 0.110538 0.841454 0.424875 0.850762 0.136557 0.721432 0.280031 0.882281 0.984825 0.223128 0.594254 0.968644 0.647077 0.814083 0.801803 0.718856 0.602082 0.357440 0.644889 0.370377 0.755497 0.530391 0.229025 0.871218 0.442827 0.791708 0.333906 0.374997 0.615830 0.995584 0.124692 0.726369 0.837039 0.549567 0.577131 0.973596 0.270999 0.857162 0.855877 0.255824 0.080290 0.450131 0.224468 0.727367 0.264214 0.026271 0.446222 0.866296 0.383711 0.091112 0.236673 0.139208 0.621503 0.465698 
0.010426 0.064330 0.257406 0.344332 0.439327 0.873237 0.339916 0.564018 0.599606 0.176955 0.113585 0.176737 0.150551 0.384585 0.033899 0.006428 0.640409 0.114188 0.456559 0.864877 0.841555 0.720773 0.891148 0.287778 0.587069 0.274859 0.378889 0.823742 0.414066 0.000392 0.289440 0.424492 0.064722 0.546847 0.768823 0.504049 0.420083 0.108739 0.068068 0.019689 0.285694 0.181653 0.196426 0.436245 0.566237 0.230324 0.442673 0.206646 0.344512 0.899231 0.071523 0.186067 0.620004 0.962671 0.473845 0.207073 0.237529 0.852734 0.030815 0.651596 0.853127 0.320255 0.076087 0.917849 
0.867102 0.844911 0.421898 0.287185 0.953650 0.489966 0.306874 0.239344 0.671619 0.503299 0.675590 0.237856 0.733623 0.118262 0.444502 0.078136 0.017493 0.516025 0.264203 0.637498 0.478696 0.738048 0.844571 0.716226 0.590783 0.875386 0.367821 0.443909 0.195641 0.443908 0.361758 0.062743 0.288819 0.783657 0.349928 0.242469 0.273622 0.656802 0.481814 0.945241 0.160101 0.157403 0.183097 0.893724 0.275665 0.627599 0.971860 0.293159 0.143624 0.236064 0.930657 0.622320 0.974112 0.775227 0.338546 0.564894 0.650613 0.706367 0.008804 0.846254 0.150276 0.370562 0.908997 0.439095 
0.154219 0.258925 0.681564 0.427841 0.915727 0.163378 0.373082 0.075828 0.320781 0.556179 0.969552 0.596446 0.183778 0.941412 0.889605 0.327402 0.177476 0.820262 0.949722 0.151588 0.595489 0.288269 0.716482 0.246103 0.994636 0.725286 0.092357 0.144912 0.095848 0.001354 0.584007 0.250066 0.260279 0.265571 0.677907 0.176006 0.428949 0.050989 0.251834 0.749730 0.607168 0.221386 0.346176 0.790946 0.162798 0.235781 0.118348 0.340274 0.056043 0.068070 0.491862 0.651532 0.356339 0.208344 0.897635 0.350975 0.933630 0.989992 0.495887 0.029477 0.991346 0.079893 0.279543 0.251626 
0.345464 0.957450 0.427632 0.774413 0.008440 0.679465 0.524142 0.615608 0.900851 0.870318 0.406553 0.063650 0.106100 0.524901 0.403924 0.162143 0.592971 0.895786 0.813675 0.949310 0.104130 0.711310 0.300285 0.037760 0.701302 0.796171 0.067237 0.692648 0.876064 0.346780 0.944274 0.221528 0.304230 0.371905 0.995941 0.312670 0.051371 0.520083 0.928278 0.952222 0.390402 0.334831 0.015872 0.496502 0.859732 0.419796 0.658645 0.452703 0.315582 0.472320 0.402013 0.419712 0.183630 0.702298 0.457472 0.884932 0.498469 0.524708 0.577580 0.374533 0.871488 0.521854 0.596062 0.175719 
0.893759 0.592003 0.488389 0.945130 0.112086 0.416667 0.897352 0.502488 0.751498 0.913224 0.998990 0.611229 0.333020 0.657634 0.063933 0.648602 0.129954 0.465946 0.068314 0.313584 0.168243 0.525785 0.198517 0.666712 0.050494 0.776097 0.041245 0.921982 0.297951 0.637307 0.097701 0.191710 0.229310 0.586089 0.136840 0.341396 0.002756 0.034192 0.843885 0.754253 0.947416 0.842874 0.365483 0.280436 0.500509 0.429415 0.929038 0.630463 0.895361 0.997351 0.944048 0.063604 0.523136 0.142564 0.730317 0.573630 0.918661 0.771562 0.495612 0.216612 0.408869 0.593312 0.408322 0.638179 
0.179402 0.545162 0.979576 0.182158 0.579355 0.823460 0.936411 0.526771 0.666335 0.301894 0.807207 0.166844 0.731309 0.736244 0.797307 0.626671 0.733595 0.741354 0.690275 0.256732 0.883919 0.420592 0.830362 0.802580 0.192154 0.325973 0.019191 0.601023 0.919286 0.427513 0.239203 0.098687 0.972675 0.218778 0.280845 0.552030 0.042239 0.217256 0.078801 0.708574 0.519150 0.886007 0.875417 0.250459 0.622252 0.672724 0.877130 0.355847 0.414078 0.567405 0.612579 0.297997 0.987996 0.442940 0.100577 0.180150 0.768913 0.119768 0.781174 0.688199 0.547281 0.020376 0.786886 0.519957 
0.239155 0.067731 0.071986 0.281393 0.284987 0.150787 0.989967 0.804137 0.036794 0.865384 0.054596 0.659046 0.538108 0.931726 0.014893 0.952187 0.499131 0.627471 0.250184 0.487127 0.070411 0.350760 0.667278 0.839325 0.470528 0.448451 0.527524 0.017810 0.468827 0.314410 0.537766 0.707982 0.382142 0.609753 0.989375 0.667129 0.760540 0.979343 0.471266 0.797334 0.844727 0.525863 0.456380 0.382835 0.457589 0.471273 0.335022 0.956720 0.098744 0.585206 0.443847 0.169155 0.935966 0.111125 0.008480 0.406494 0.559576 0.536004 0.424304 0.028403 0.850414 0.962070 0.736385 0.232556 
0.571823 0.725761 0.899685 0.332362 0.705103 0.370951 0.129696 0.549830 0.896814 0.586076 0.932665 0.354403 0.057349 0.267687 0.311122 0.156093 0.852892 0.754970 0.325248 0.788858 0.866094 0.333728 0.195353 0.425670 0.869731 0.619657 0.454073 0.720146 0.581727 0.190459 0.952701 0.153549 0.916219 0.852386 0.485912 0.621322 0.223337 0.615608 0.171152 0.120151 0.201685 0.103817 0.474554 0.259033 0.371504 0.785676 0.415126 0.224396 0.540646 0.740374 0.013254 0.406740 0.074102 0.208606 0.832410 0.943833 0.828263 0.286484 0.663979 0.409990 0.476942 0.616680 0.563539 0.393161 
0.469066 0.049451 0.014484 0.692404 0.665059 0.185636 0.812555 0.866744 0.289453 0.287109 0.125777 0.660957 0.072785 0.540903 0.885352 0.613431 0.281278 0.898606 0.020171 0.355379 0.107213 0.852581 0.299213 0.935476 0.139064 0.963192 0.345465 0.616006 0.579872 0.909004 0.009168 0.048938 0.958455 0.023652 0.741342 0.623515 0.209288 0.553897 0.490258 0.498741 0.841006 0.616035 0.159697 0.913790 0.156939 0.045050 0.527221 0.438216 0.943656 0.547391 0.793596 0.050869 0.399972 0.092809 0.986345 0.539036 0.056001 0.331810 0.155043 0.635873 0.240814 0.164210 0.684811 0.199270 
0.187862 0.426153 0.822784 0.397150 0.980050 0.313043 0.895890 0.821056 0.929078 0.055588 0.734846 0.086017 0.100638 0.262067 0.524233 0.044294 0.809458 0.317829 0.095163 0.209430 0.410638 0.081508 0.748466 0.466638 0.413318 0.903509 0.102511 0.654132 0.067719 0.787322 0.853402 0.255581 0.213475 0.676186 0.652731 0.193525 0.989229 0.548621 0.014581 0.918306 0.604209 0.749427 0.004323 0.704846 0.011494 0.528556 0.749140 0.820952 0.846385 0.844303 0.030382 0.257023 0.925811 0.778849 0.723661 0.339128 0.682358 0.826171 0.993260 0.750077 0.613493 0.846662 0.005658 0.826969 
0.522848 0.658389 0.020494 0.512077 0.207010 0.035075 0.430383 0.811219 0.784502 0.434706 0.516065 0.795996 0.963262 0.265206 0.616948 0.809648 0.109509 0.647331 0.066670 0.035320 0.426179 0.790331 0.374449 0.108537 0.616502 0.367709 0.858614 0.229996 0.214371 0.864273 0.056964 0.737219 0.522662 0.077458 0.249296 0.729672 0.112533 0.679679 0.540891 0.897036 0.114385 0.056956 0.693032 0.077648 0.322162 0.309981 0.887295 0.431672 0.957311 0.953965 0.466992 0.383491 0.744296 0.841440 0.492028 0.360798 0.209149 0.350642 0.590794 0.423520 0.214915 0.647758 0.160739 0.737576 
0.725216 0.410035 0.467248 0.837750 0.089713 0.008139 0.734785 0.204099 0.065096 0.427817 0.281746 0.387258 0.737798 0.169041 0.818929 0.695109 0.123007 0.285921 0.078600 0.867303 0.127361 0.570628 0.228101 0.336510 0.921270 0.818895 0.760030 0.136185 0.466653 0.920769 0.873761 0.191869 0.330804 0.341009 0.029619 0.420517 0.349148 0.764404 0.624616 0.414244 0.192221 0.906362 0.801502 0.930019 0.075404 0.620431 0.625128 0.198410 0.906352 0.703728 0.065713 0.033714 0.274356 0.293814 0.370224 0.195626 0.112709 0.130254 0.331810 0.579362 0.051024 0.205571 0.771231 0.381828 
0.546580 0.800849 0.802345 0.895728 0.565253 0.426961 0.309972 0.757474 0.333323 0.111474 0.687492 0.408727 0.731905 0.312620 0.607137 0.638258 0.016348 0.672850 0.671971 0.290704 0.966664 0.042195 0.486329 0.079373 0.172450 0.818139 0.658734 0.223473 0.023710 0.429965 0.605301 0.570290 0.230814 0.407646 0.466018 0.796066 0.834607 0.775991 0.553540 0.167930 0.887465 0.241033 0.576657 0.619370 0.553653 0.183794 0.257627 0.570001 0.856644 0.929599 0.860705 0.823308 0.971794 0.347034 0.902680 0.144244 0.165174 0.561415 0.367717 0.188884 0.991379 0.973018 0.759174 0.222193 
0.380663 0.225193 0.018259 0.215270 0.001183 0.571800 0.383200 0.888648 0.812832 0.959857 0.508017 0.366485 0.143651 0.765645 0.936487 0.000295 0.695244 0.797192 0.823603 0.667038 0.144226 0.726283 0.811281 0.309400 0.287698 0.178998 0.498284 0.279077 0.152016 0.257458 0.501270 0.532679 0.482650 0.519529 0.747949 0.483834 0.091329 0.131149 0.372481 0.904161 0.091007 0.880498 0.270647 0.234658 0.646143 0.207133 0.234953 0.341387 0.004325 0.058556 0.008425 0.148551 0.784839 0.819706 0.457951 0.072537 0.998704 0.956235 0.351614 0.150720 0.213693 0.852884 0.683399 0.696343 
0.372414 0.431348 0.180177 0.463743 0.562498 0.552658 0.367904 0.653504 0.433156 0.638551 0.888162 0.079299 0.845684 0.123115 0.420686 0.850010 0.181671 0.429111 0.998561 0.966511 0.248817 0.456512 0.039048 0.247522 0.412746 0.390663 0.398242 0.626439 0.243547 0.081641 0.322782 0.615961 0.512990 0.502958 0.079704 0.075487 0.055616 0.447608 0.728992 0.488772 0.086159 0.617154 0.568072 0.931843 0.740270 0.988758 0.781853 0.921941 0.417869 0.780414 0.888452 0.666687 0.236925 0.927500 0.914208 0.649672 0.318163 0.312450 0.276110 0.561710 0.394091 0.598892 0.177671 0.907081 
0.101851 0.257375 0.982568 0.157467 0.704983 0.711560 0.646239 0.791142 0.328715 0.214310 0.722985 0.068984 0.203068 0.504838 0.990926 0.620938 0.285252 0.879378 0.287624 0.522177 0.806878 0.201833 0.171849 0.125041 0.514283 0.447959 0.686751 0.908374 0.046851 0.864422 0.815455 0.148702 0.121797 0.798023 0.306169 0.826780 0.509584 0.952407 0.617922 0.838298 0.166718 0.340908 0.907283 0.369786 0.845746 0.898208 0.990724 0.130998 0.777586 0.278348 0.653175 0.584464 0.480181 0.825023 0.709505 0.994464 0.272982 0.396256 0.902838 0.319833 0.260678 0.718293 0.468535 0.382475 
0.516316 0.774704 0.209256 0.025900 0.727111 0.827178 0.864198 0.893829 0.168086 0.771481 0.263615 0.013832 0.669689 0.254339 0.144829 0.447275 0.532687 0.798004 0.031739 0.012868 0.623027 0.741243 0.007332 0.896009 0.137499 0.910170 0.215843 0.398177 0.628463 0.684378 0.780653 0.144779 0.459082 0.989909 0.170679 0.186193 0.817087 0.034878 0.080022 0.985172 0.806359 0.343637 0.999004 0.476048 0.597977 0.143833 0.923323 0.130664 0.941837 0.955061 0.143533 0.564864 0.696305 0.150865 0.460874 0.833804 0.061034 0.676717 0.231981 0.689497 0.361095 0.012634 0.834276 0.820177 
0.002542 0.004955 0.006370 0.819629 0.039833 0.086392 0.804802 0.846191 0.430030 0.803806 0.322239 0.028006 0.947639 0.245562 0.158671 0.889476 0.200623 0.302203 0.454341 0.896928 0.453068 0.915215 0.730732 0.514102 0.591931 0.962713 0.203599 0.953026 0.975347 0.037875 0.773203 0.977889 0.042830 0.779573 0.797519 0.082663 0.865965 0.602320 0.928854 0.295994 0.406126 0.251093 0.324001 0.353765 0.496654 0.482671 0.243241 0.697278 0.784874 0.697582 0.594205 0.237942 0.612796 0.324937 0.752044 0.204728 0.287650 0.955643 0.157754 0.262997 0.993518 0.930956 0.240886 0.036348 
0.710529 0.038405 0.119011 0.576494 0.640725 0.047864 0.872488 0.046851 0.298957 0.196489 0.400616 0.795612 0.679160 0.643857 0.492889 0.464034 0.341439 0.087095 0.701976 0.954236 0.412032 0.454020 0.158963 0.699682 0.409663 0.316717 0.962679 0.403181 0.247673 0.203566 0.439529 0.958203 0.241971 0.558540 0.534696 0.882696 0.606404 0.407184 0.929547 0.905362 0.603673 0.330163 0.700973 0.282833 0.974020 0.193863 0.746867 0.315459 0.280957 0.448844 0.269695 0.692989 0.902864 0.428658 0.392671 0.312528 0.745375 0.355350 0.715709 0.993049 0.558916 0.155238 0.951252 0.800887 
